# Exported by PeakFit GUI
# Source: E:/VS_CODE/PCM_Fano_GUI/10nm_50L.txt
# Range: 400.7176 to 639.5074 (points=287)
# Parameters:
# alpha = 78.956800 +/- 0.000000e+00
# C = 1.714000e+05 +/- 0.000000e+00
# D = 1.000000e+05 +/- 0.000000e+00
# b = 5.752042 +/- 0.128497
# g0 = 9.195193 +/- 0.118439
# q = -14.183292 +/- 0.387130
# a = 0.543100 +/- 0.000000e+00
# L = 11.398515 +/- 0.528492
# N = 6.390345e+02 +/- 6.082504
# y0 = 0.018937 +/- 5.662146e-04
# x	experimental	fitted	residual
400.718	0.0376426	0.0321071	0.00553553
401.574	0.0380228	0.0321806	0.00584224
402.43	0.0370722	0.0322554	0.00481683
403.286	0.0375475	0.0323316	0.00521591
404.142	0.0368821	0.0324092	0.00447292
404.998	0.0361217	0.0324883	0.00363342
405.853	0.0376426	0.0325688	0.00507383
406.709	0.0367871	0.0326508	0.00413629
407.564	0.0385932	0.0327344	0.00585881
408.419	0.0376426	0.0328195	0.00482306
409.274	0.0393536	0.0329063	0.00644727
410.128	0.0382129	0.0329949	0.00521807
410.983	0.038403	0.0330851	0.00531794
411.838	0.036692	0.0331771	0.00351488
412.692	0.0401141	0.033271	0.00684305
413.546	0.0388783	0.0333668	0.00551153
414.4	0.0379278	0.0334645	0.00446324
415.254	0.039924	0.0335643	0.00635969
416.108	0.0385932	0.0336661	0.00492709
416.961	0.0388783	0.03377	0.00510832
417.815	0.0394487	0.0338761	0.00557252
418.668	0.039924	0.0339846	0.00593939
419.521	0.0403992	0.0340953	0.00630392
420.374	0.0407795	0.0342085	0.00657099
421.227	0.0423004	0.0343241	0.00797624
422.079	0.0395437	0.0344424	0.00510134
422.932	0.0406844	0.0345633	0.00612114
423.784	0.0403042	0.0346869	0.00561728
424.636	0.0406844	0.0348134	0.00587104
425.488	0.0421103	0.0349428	0.0071675
426.34	0.0425856	0.0350752	0.00751035
427.192	0.0426806	0.0352108	0.00746985
428.044	0.0421103	0.0353496	0.00676069
428.895	0.0427757	0.0354918	0.00728391
429.746	0.04173	0.0356374	0.00609265
430.597	0.0438213	0.0357866	0.00803466
431.448	0.0419202	0.0359396	0.00598053
432.299	0.0429658	0.0360965	0.00686932
433.15	0.0404943	0.0362573	0.00423697
434	0.0420152	0.0364224	0.00559286
434.851	0.0411597	0.0365917	0.00456799
435.701	0.0411597	0.0367655	0.00439417
436.551	0.0418251	0.036944	0.00488107
437.401	0.039924	0.0371273	0.00279661
438.251	0.0411597	0.0373157	0.00384398
439.1	0.0414449	0.0375093	0.00393554
439.95	0.0428707	0.0377084	0.00516233
440.799	0.0413498	0.0379131	0.00343668
441.648	0.0419202	0.0381238	0.00379639
442.497	0.0409696	0.0383406	0.00262902
443.346	0.0423004	0.0385638	0.00373657
444.195	0.0419202	0.0387937	0.00312641
445.043	0.0428707	0.0390307	0.00384007
445.892	0.0423004	0.0392749	0.00302549
446.74	0.0422053	0.0395268	0.00267854
447.588	0.0410646	0.0397866	0.00127803
448.436	0.0427757	0.0400548	0.00272083
449.284	0.0423004	0.0403318	0.00196858
450.131	0.0429658	0.0406179	0.00234788
450.979	0.043346	0.0409136	0.00243239
451.826	0.04173	0.0412194	0.00051064
452.673	0.0442015	0.0415358	0.00266576
453.52	0.0446768	0.0418632	0.00281359
454.367	0.0443916	0.0422024	0.00218927
455.214	0.0441065	0.0425538	0.00155266
456.061	0.0456274	0.0429181	0.00270927
456.907	0.0446768	0.0432961	0.00138071
457.753	0.0453422	0.0436884	0.00165379
458.599	0.0454373	0.0440959	0.00134141
459.445	0.0471483	0.0445193	0.00262897
460.291	0.048384	0.0449597	0.00342437
461.137	0.0479087	0.0454179	0.00249082
461.983	0.0492395	0.0458951	0.00334443
462.828	0.0507605	0.0463924	0.00436806
463.673	0.0505703	0.046911	0.00365937
464.518	0.0503802	0.0474522	0.00292803
465.363	0.0526616	0.0480175	0.00464413
466.208	0.0529468	0.0486084	0.00433839
467.053	0.0535171	0.0492265	0.00429057
467.897	0.0559886	0.0498738	0.0061148
468.741	0.0556084	0.0505523	0.0050561
469.585	0.0559886	0.0512639	0.00472471
470.429	0.0562738	0.0520112	0.0042626
471.273	0.0585551	0.0527967	0.00575843
472.117	0.0579848	0.0536232	0.00436157
472.961	0.059981	0.0544939	0.00548707
473.804	0.0598859	0.0554121	0.00447384
474.647	0.0614068	0.0563816	0.00502525
475.49	0.0626426	0.0574064	0.00523614
476.333	0.0630228	0.0584913	0.00453149
477.176	0.0638783	0.0596412	0.00423715
478.019	0.0675856	0.0608618	0.0067238
478.861	0.0673954	0.0621592	0.00523628
479.704	0.0692015	0.0635403	0.00566117
480.546	0.0701521	0.0650135	0.00513861
481.388	0.0718631	0.0665868	0.00527633
482.23	0.0738593	0.0682705	0.00558886
483.072	0.0751901	0.0700756	0.00511448
483.913	0.0763308	0.0720147	0.00431613
484.755	0.0812738	0.0741021	0.00717169
485.596	0.0827947	0.0763539	0.00644082
486.437	0.0844106	0.0787889	0.00562176
487.278	0.0851711	0.0814282	0.00374289
488.119	0.0902091	0.0842967	0.00591239
488.96	0.0928707	0.0874226	0.00544815
489.8	0.0975285	0.0908387	0.00668979
490.641	0.0997148	0.0945847	0.00513015
491.481	0.1	0.0987044	0.00129564
492.321	0.104658	0.103253	0.00140512
493.161	0.10751	0.108291	-0.000781789
494.001	0.112548	0.113897	-0.00134929
494.841	0.11635	0.12016	-0.00381007
495.68	0.121673	0.127189	-0.00551596
496.52	0.129087	0.135118	-0.00603009
497.359	0.134886	0.144107	-0.00922077
498.198	0.144202	0.154357	-0.0101552
499.037	0.152567	0.166113	-0.0135462
499.876	0.165589	0.179682	-0.0140931
500.714	0.179563	0.195446	-0.0158837
501.553	0.196293	0.213885	-0.0175923
502.391	0.214544	0.235595	-0.0210508
503.229	0.240114	0.261323	-0.0212086
504.067	0.265589	0.291984	-0.0263948
504.905	0.309125	0.32869	-0.0195646
505.743	0.35057	0.372724	-0.0221536
506.58	0.411502	0.425493	-0.0139912
507.418	0.483365	0.488332	-0.00496702
508.255	0.567681	0.562166	0.00551453
509.092	0.664449	0.646847	0.0176012
509.929	0.769106	0.740142	0.0289641
510.766	0.868916	0.836536	0.0323803
511.603	0.942395	0.926	0.016395
512.439	0.994011	0.99413	-0.000118222
513.276	1	1.02483	-0.0248334
514.112	0.979658	1.00637	-0.0267132
514.948	0.922148	0.938319	-0.0161703
515.784	0.835741	0.833713	0.0020281
516.62	0.728232	0.713013	0.0152189
517.455	0.61711	0.594741	0.0223696
518.291	0.506179	0.489892	0.0162871
519.126	0.411027	0.402319	0.00870759
519.961	0.331084	0.331483	-0.00039894
520.797	0.26635	0.275021	-0.00867117
521.631	0.220152	0.230206	-0.0100536
522.466	0.183935	0.194559	-0.0106238
523.301	0.162643	0.166046	-0.00340342
524.135	0.138118	0.143073	-0.00495562
524.97	0.120722	0.124419	-0.00369675
525.804	0.10808	0.109148	-0.00106766
526.638	0.0955323	0.0965421	-0.00100976
527.472	0.0885932	0.0860602	0.00253293
528.305	0.0807034	0.0772819	0.00342156
529.139	0.073384	0.0698775	0.0035065
529.972	0.0693916	0.0635942	0.00579746
530.806	0.0648289	0.0582301	0.00659884
531.639	0.0585551	0.0536262	0.00492892
532.472	0.054943	0.0496544	0.00528855
533.304	0.0507605	0.0462122	0.00454823
534.137	0.0489544	0.0432157	0.00573869
534.97	0.0472433	0.0405969	0.00664645
535.802	0.0434411	0.0382994	0.00514165
536.634	0.0422053	0.0362771	0.00592825
537.466	0.0408745	0.034491	0.00638355
538.298	0.0371673	0.032909	0.00425828
539.13	0.035076	0.0315038	0.00357222
539.962	0.0345057	0.0302524	0.00425326
540.793	0.0336502	0.0291355	0.00451467
541.625	0.031654	0.0281364	0.00351759
542.456	0.0309886	0.0272407	0.00374785
543.287	0.0286122	0.0264364	0.00217577
544.118	0.0280418	0.0257127	0.00232917
544.948	0.0273764	0.0250606	0.00231582
545.779	0.0259506	0.0244722	0.0014784
546.61	0.0251901	0.0239404	0.0012497
547.44	0.0243346	0.0234594	0.000875244
548.27	0.0230038	0.0230236	-1.98407e-05
549.1	0.023384	0.0226287	0.000755374
549.93	0.0222433	0.0222703	-2.69348e-05
550.76	0.0214829	0.0219448	-0.000461949
551.589	0.0205323	0.0216491	-0.0011168
552.418	0.0204373	0.0213803	-0.000943032
553.248	0.0197719	0.0211358	-0.00136393
554.077	0.0192966	0.0209133	-0.00161677
554.906	0.0193916	0.020711	-0.00131935
555.735	0.0194867	0.0205268	-0.00104012
556.563	0.0173954	0.0203592	-0.00296381
557.392	0.0178707	0.0202068	-0.0023361
558.22	0.0178707	0.0200682	-0.00219748
559.049	0.0168251	0.0199422	-0.00311713
559.877	0.0164449	0.0198278	-0.00338291
560.705	0.01673	0.0197239	-0.00299389
561.533	0.0162548	0.0196298	-0.00337502
562.36	0.0156844	0.0195445	-0.00386011
563.188	0.0153042	0.0194675	-0.00416327
564.015	0.0151141	0.0193979	-0.00428384
564.842	0.0141635	0.0193353	-0.00517178
565.669	0.0151141	0.019279	-0.00416494
566.496	0.0138783	0.0192286	-0.00535029
567.323	0.014924	0.0191836	-0.00425967
568.15	0.014924	0.0191436	-0.00421968
568.976	0.0141635	0.0191083	-0.00494476
569.803	0.0142586	0.0190771	-0.00481857
570.629	0.0130228	0.0190499	-0.00602712
571.455	0.0138783	0.0190264	-0.00514805
572.281	0.0137833	0.0190062	-0.00522292
573.106	0.0137833	0.0189891	-0.00520584
573.932	0.0145437	0.0189749	-0.00443119
574.757	0.0140684	0.0189634	-0.00489494
575.583	0.0147338	0.0189543	-0.00422049
576.408	0.0141635	0.0189476	-0.00478406
577.233	0.0129278	0.0189429	-0.00601515
578.058	0.0142586	0.0189402	-0.00468167
578.882	0.0131179	0.0189394	-0.00582149
579.707	0.0138783	0.0189402	-0.00506185
580.532	0.0132129	0.0189426	-0.00572964
581.356	0.013403	0.0189464	-0.00554336
582.18	0.0125475	0.0189516	-0.00640405
583.004	0.013403	0.018958	-0.00555496
583.828	0.0135932	0.0189656	-0.00537242
584.651	0.0132129	0.0189742	-0.00576129
585.475	0.0140684	0.0189838	-0.0049154
586.298	0.0143536	0.0189944	-0.00464077
587.122	0.0143536	0.0190058	-0.00465216
587.945	0.0140684	0.0190179	-0.0049495
588.768	0.0146388	0.0190308	-0.00439204
589.591	0.0135932	0.0190444	-0.00545122
590.413	0.0144487	0.0190585	-0.00460988
591.236	0.0148289	0.0190733	-0.00424438
592.058	0.0147338	0.0190885	-0.00435469
592.88	0.0154943	0.0191043	-0.00360997
593.702	0.0142586	0.0191204	-0.00486188
594.524	0.0146388	0.019137	-0.00449823
595.346	0.014924	0.019154	-0.00423
596.168	0.015019	0.0191712	-0.00415222
596.989	0.0160646	0.0191888	-0.00312418
597.811	0.0156844	0.0192067	-0.00352227
598.632	0.0162548	0.0192248	-0.00297004
599.453	0.01673	0.0192431	-0.0025131
600.274	0.0173004	0.0192617	-0.0019613
601.095	0.016635	0.0192804	-0.00264543
601.915	0.016635	0.0192993	-0.00266432
602.736	0.0174905	0.0193183	-0.00182785
603.556	0.0170152	0.0193375	-0.0023223
604.376	0.0175856	0.0193568	-0.00177123
605.196	0.0173954	0.0193761	-0.00198071
606.016	0.018346	0.0193956	-0.00104959
606.836	0.0168251	0.0194151	-0.00259002
607.656	0.0186312	0.0194347	-0.000803513
608.475	0.018346	0.0194543	-0.0011083
609.294	0.0189163	0.019474	-0.000557606
610.114	0.0177757	0.0194936	-0.00171796
610.933	0.01673	0.0195133	-0.00278327
611.752	0.0181559	0.019533	-0.0013771
612.57	0.0175856	0.0195527	-0.00196712
613.389	0.0173954	0.0195723	-0.0021769
614.207	0.0160646	0.019592	-0.00352734
615.026	0.0164449	0.0196116	-0.00316674
615.844	0.0159696	0.0196312	-0.00366161
616.662	0.0161597	0.0196507	-0.00349104
617.48	0.0165399	0.0196702	-0.00313031
618.297	0.0165399	0.0196897	-0.00314976
619.115	0.0153042	0.0197091	-0.0044049
619.932	0.0153992	0.0197284	-0.00432917
620.75	0.0155894	0.0197477	-0.00415833
621.567	0.0157795	0.0197669	-0.00398742
622.384	0.0163498	0.019786	-0.00343621
623.201	0.0144487	0.0198051	-0.00535641
624.018	0.015019	0.0198241	-0.00480505
624.834	0.0147338	0.019843	-0.00510911
625.65	0.0158745	0.0198618	-0.00398725
626.467	0.0145437	0.0198805	-0.00533677
627.283	0.0153042	0.0198991	-0.00459496
628.099	0.0154943	0.0199177	-0.0044234
628.915	0.0148289	0.0199362	-0.00510726
629.73	0.0146388	0.0199545	-0.00531574
630.546	0.0154943	0.0199728	-0.0044785
631.361	0.0136882	0.019991	-0.00630275
632.177	0.0146388	0.020009	-0.00537026
632.992	0.014924	0.020027	-0.00510307
633.807	0.0137833	0.0200449	-0.00626163
634.621	0.0141635	0.0200627	-0.00589918
635.436	0.015019	0.0200803	-0.00506134
636.251	0.0137833	0.0200979	-0.00631465
637.065	0.0147338	0.0201154	-0.00538155
637.879	0.0139734	0.0201328	-0.00615937
638.693	0.0139734	0.02015	-0.00617663
639.507	0.0136882	0.0201672	-0.00647896
