# Exported by PeakFit GUI
# Source: E:/VS_CODE/PCM_Fano_GUI/10nm_50L.txt
# Range: 400.7176 to 639.5074 (points=287)
# Parameters:
# C = 1.714000e+05 +/- 0.000000e+00
# D = 1.000000e+05 +/- 0.000000e+00
# b = 6.926447 +/- 0.030127
# g0 = 9.318600 +/- 0.062469
# q = -17.912705 +/- 0.716269
# a = 0.543100 +/- 0.000000e+00
# L = 10.000000 +/- 0.000000e+00
# N = 0.011048 +/- 4.945312e-05
# y0 = 0.018027 +/- 6.609782e-04
# x	experimental	fitted	residual
400.718	0.0376426	0.0288662	0.00877634
401.574	0.0380228	0.0289759	0.00904696
402.43	0.0370722	0.029094	0.00797826
403.286	0.0375475	0.0292223	0.00832528
404.142	0.0368821	0.0293624	0.00751973
404.998	0.0361217	0.029516	0.00660563
405.853	0.0376426	0.029684	0.00795863
406.709	0.0367871	0.0298652	0.00692183
407.564	0.0385932	0.0300562	0.00853696
408.419	0.0376426	0.0302499	0.00739267
409.274	0.0393536	0.030437	0.00891657
410.128	0.0382129	0.0306078	0.00760513
410.983	0.038403	0.0307547	0.00764838
411.838	0.036692	0.0308747	0.00581728
412.692	0.0401141	0.030971	0.00914302
413.546	0.0388783	0.0310522	0.00782609
414.4	0.0379278	0.0311306	0.00679711
415.254	0.039924	0.0312193	0.00870469
416.108	0.0385932	0.0313283	0.00726482
416.961	0.0388783	0.0314626	0.00741568
417.815	0.0394487	0.0316202	0.00782851
418.668	0.039924	0.0317925	0.00813144
419.521	0.0403992	0.0319674	0.00843189
420.374	0.0407795	0.0321318	0.00864766
421.227	0.0423004	0.0322763	0.0100241
422.079	0.0395437	0.0323973	0.00714638
422.932	0.0406844	0.0324989	0.0081855
423.784	0.0403042	0.0325914	0.00771274
424.636	0.0406844	0.0326891	0.00799534
425.488	0.0421103	0.0328056	0.00930469
426.34	0.0425856	0.0329504	0.00963517
427.192	0.0426806	0.0331256	0.00955499
428.044	0.0421103	0.0333254	0.00878488
428.895	0.0427757	0.0335373	0.00923838
429.746	0.04173	0.033746	0.00798404
430.597	0.0438213	0.0339381	0.00988321
431.448	0.0419202	0.0341061	0.0078141
432.299	0.0429658	0.034251	0.0087148
433.15	0.0404943	0.0343825	0.00611179
434	0.0420152	0.0345161	0.00749914
434.851	0.0411597	0.0346684	0.00649131
435.701	0.0411597	0.0348521	0.00630761
436.551	0.0418251	0.0350718	0.00675332
437.401	0.039924	0.0353221	0.00460181
438.251	0.0411597	0.0355897	0.00556996
439.1	0.0414449	0.0358568	0.00558804
439.95	0.0428707	0.0361075	0.00676325
440.799	0.0413498	0.0363328	0.00501704
441.648	0.0419202	0.0365343	0.00538586
442.497	0.0409696	0.036724	0.00424562
443.346	0.0423004	0.0369204	0.00537997
444.195	0.0419202	0.0371429	0.0047772
445.043	0.0428707	0.037405	0.00546572
445.892	0.0423004	0.0377094	0.004591
446.74	0.0422053	0.038047	0.00415835
447.588	0.0410646	0.0383996	0.00266501
448.436	0.0427757	0.0387468	0.00402889
449.284	0.0423004	0.0390725	0.00322785
450.131	0.0429658	0.0393721	0.00359364
450.979	0.043346	0.0396543	0.00369174
451.826	0.04173	0.0399384	0.00179168
452.673	0.0442015	0.0402481	0.00395347
453.52	0.0446768	0.0406024	0.00407437
454.367	0.0443916	0.0410089	0.00338271
455.214	0.0441065	0.04146	0.00264642
456.061	0.0456274	0.041936	0.00369138
456.907	0.0446768	0.0424127	0.00226414
457.753	0.0453422	0.042871	0.00247123
458.599	0.0454373	0.0433055	0.00213176
459.445	0.0471483	0.0437276	0.0034207
460.291	0.048384	0.0441616	0.00422246
461.137	0.0479087	0.0446357	0.00327305
461.983	0.0492395	0.0451705	0.004069
462.828	0.0507605	0.0457705	0.00498994
463.673	0.0505703	0.0464216	0.00414874
464.518	0.0503802	0.0470977	0.00328257
465.363	0.0526616	0.047772	0.00488961
466.208	0.0529468	0.0484305	0.00451627
467.053	0.0535171	0.0490793	0.00443785
467.897	0.0559886	0.0497436	0.00624494
468.741	0.0556084	0.0504582	0.00515017
469.585	0.0559886	0.0512509	0.00473765
470.429	0.0562738	0.0521314	0.00414237
471.273	0.0585551	0.0530857	0.0054694
472.117	0.0579848	0.0540842	0.00390056
472.961	0.059981	0.0550977	0.00488329
473.804	0.0598859	0.0561141	0.00377188
474.647	0.0614068	0.057148	0.00425887
475.49	0.0626426	0.058236	0.00440659
476.333	0.0630228	0.0594205	0.00360236
477.176	0.0638783	0.0607285	0.00314984
478.019	0.0675856	0.0621596	0.00542597
478.861	0.0673954	0.0636876	0.00370783
479.704	0.0692015	0.0652795	0.00392199
480.546	0.0701521	0.0669198	0.0032323
481.388	0.0718631	0.0686248	0.00323836
482.23	0.0738593	0.0704415	0.00341779
483.072	0.0751901	0.0724249	0.00276526
483.913	0.0763308	0.0746097	0.00172113
484.755	0.0812738	0.0769965	0.00427729
485.596	0.0827947	0.079559	0.00323565
486.437	0.0844106	0.0822748	0.00213587
487.278	0.0851711	0.0851543	1.67729e-05
488.119	0.0902091	0.0882528	0.00195632
488.96	0.0928707	0.0916484	0.00122235
489.8	0.0975285	0.0954064	0.00212214
490.641	0.0997148	0.0995548	0.000160026
491.481	0.1	0.10409	-0.00408997
492.321	0.104658	0.109022	-0.00436424
493.161	0.10751	0.114409	-0.00689913
494.001	0.112548	0.120367	-0.00781911
494.841	0.11635	0.127032	-0.0106825
495.68	0.121673	0.134518	-0.0128446
496.52	0.129087	0.142906	-0.0138189
497.359	0.134886	0.152297	-0.017411
498.198	0.144202	0.162865	-0.0186636
499.037	0.152567	0.174874	-0.0223074
499.876	0.165589	0.188639	-0.0230492
500.714	0.179563	0.204482	-0.0249191
501.553	0.196293	0.22277	-0.0264771
502.391	0.214544	0.243989	-0.0294453
503.229	0.240114	0.268811	-0.0286968
504.067	0.265589	0.298065	-0.0324757
504.905	0.309125	0.332728	-0.0236027
505.743	0.35057	0.373959	-0.0233886
506.58	0.411502	0.42318	-0.0116779
507.418	0.483365	0.481988	0.00137658
508.255	0.567681	0.551917	0.015764
509.092	0.664449	0.6339	0.0305486
509.929	0.769106	0.727227	0.0418792
510.766	0.868916	0.827735	0.0411818
511.603	0.942395	0.925218	0.017177
512.439	0.994011	1.00215	-0.00814179
513.276	1	1.03703	-0.0370316
514.112	0.979658	1.0147	-0.0350407
514.948	0.922148	0.937416	-0.0152677
515.784	0.835741	0.8246	0.0111416
516.62	0.728232	0.700637	0.0275953
517.455	0.61711	0.58364	0.0334704
518.291	0.506179	0.482317	0.0238616
519.126	0.411027	0.398633	0.0123936
519.961	0.331084	0.33112	-3.59176e-05
520.797	0.26635	0.27716	-0.0108101
521.631	0.220152	0.234083	-0.0139307
522.466	0.183935	0.199566	-0.0156309
523.301	0.162643	0.171733	-0.00909075
524.135	0.138118	0.149122	-0.0110042
524.97	0.120722	0.130609	-0.00988622
525.804	0.10808	0.115329	-0.00724871
526.638	0.0955323	0.102616	-0.00708339
527.472	0.0885932	0.0919624	-0.00336928
528.305	0.0807034	0.0829729	-0.00226952
529.139	0.073384	0.0753343	-0.0019503
529.972	0.0693916	0.068805	0.000586622
530.806	0.0648289	0.0631909	0.00163796
531.639	0.0585551	0.0583384	0.000216737
532.472	0.054943	0.0541225	0.000820425
533.304	0.0507605	0.0504432	0.000317293
534.137	0.0489544	0.0472176	0.00173674
534.97	0.0472433	0.0443788	0.00286452
535.802	0.0434411	0.0418706	0.00157044
536.634	0.0422053	0.0396469	0.00255838
537.466	0.0408745	0.0376688	0.00320576
538.298	0.0371673	0.0359037	0.00126355
539.13	0.035076	0.0343242	0.000751868
539.962	0.0345057	0.0329067	0.00159897
540.793	0.0336502	0.0316317	0.00201849
541.625	0.031654	0.030482	0.00117198
542.456	0.0309886	0.0294429	0.00154568
543.287	0.0286122	0.0285019	0.000110293
544.118	0.0280418	0.0276478	0.000394057
544.948	0.0273764	0.0268714	0.000505031
545.779	0.0259506	0.0261643	-0.000213699
546.61	0.0251901	0.0255192	-0.000329042
547.44	0.0243346	0.0249298	-0.000595174
548.27	0.0230038	0.0243905	-0.00138666
549.1	0.023384	0.0238963	-0.000512313
549.93	0.0222433	0.0234431	-0.0011997
550.76	0.0214829	0.0230267	-0.00154377
551.589	0.0205323	0.0226437	-0.0021114
552.418	0.0204373	0.0222912	-0.00185397
553.248	0.0197719	0.0219664	-0.00219454
554.077	0.0192966	0.0216668	-0.00237021
554.906	0.0193916	0.0213903	-0.00199862
555.735	0.0194867	0.0211347	-0.00164805
556.563	0.0173954	0.0208985	-0.00350308
557.392	0.0178707	0.02068	-0.00280926
558.22	0.0178707	0.0204777	-0.00260694
559.049	0.0168251	0.0202903	-0.00346518
559.877	0.0164449	0.0201166	-0.00367171
560.705	0.01673	0.0199556	-0.00322553
561.533	0.0162548	0.0198062	-0.00355146
562.36	0.0156844	0.0196676	-0.00398322
563.188	0.0153042	0.019539	-0.00423483
564.015	0.0151141	0.0194196	-0.00430556
564.842	0.0141635	0.0193088	-0.00514526
565.669	0.0151141	0.0192058	-0.00409174
566.496	0.0138783	0.0191102	-0.00523188
567.323	0.014924	0.0190214	-0.00409747
568.15	0.014924	0.018939	-0.00401502
568.976	0.0141635	0.0188624	-0.00469894
569.803	0.0142586	0.0187914	-0.00453282
570.629	0.0130228	0.0187254	-0.00570262
571.455	0.0138783	0.0186643	-0.00478593
572.281	0.0137833	0.0186075	-0.00482426
573.106	0.0137833	0.018555	-0.00477169
573.932	0.0145437	0.0185063	-0.00396253
574.757	0.0140684	0.0184612	-0.00439274
575.583	0.0147338	0.0184195	-0.00368565
576.408	0.0141635	0.018381	-0.00421749
577.233	0.0129278	0.0183454	-0.00541768
578.058	0.0142586	0.0183127	-0.00405412
578.882	0.0131179	0.0182825	-0.00516464
579.707	0.0138783	0.0182548	-0.00437647
580.532	0.0132129	0.0182294	-0.00501644
581.356	0.013403	0.0182061	-0.00480305
582.18	0.0125475	0.0181848	-0.00563731
583.004	0.013403	0.0181655	-0.00476243
583.828	0.0135932	0.0181479	-0.00455473
584.651	0.0132129	0.018132	-0.00491906
585.475	0.0140684	0.0181176	-0.0040492
586.298	0.0143536	0.0181048	-0.00375117
587.122	0.0143536	0.0180933	-0.00373971
587.945	0.0140684	0.0180832	-0.00401472
588.768	0.0146388	0.0180742	-0.00343545
589.591	0.0135932	0.0180665	-0.0044733
590.413	0.0144487	0.0180598	-0.00361111
591.236	0.0148289	0.0180541	-0.00322523
592.058	0.0147338	0.0180494	-0.0033156
592.88	0.0154943	0.0180457	-0.00255137
593.702	0.0142586	0.0180427	-0.00378419
594.524	0.0146388	0.0180406	-0.00340185
595.346	0.014924	0.0180393	-0.00311534
596.168	0.015019	0.0180387	-0.00301965
596.989	0.0160646	0.0180387	-0.00197407
597.811	0.0156844	0.0180394	-0.00235498
598.632	0.0162548	0.0180407	-0.00178592
599.453	0.01673	0.0180425	-0.00131248
600.274	0.0173004	0.0180449	-0.000744516
601.095	0.016635	0.0180478	-0.0014128
601.915	0.016635	0.0180511	-0.00141615
602.736	0.0174905	0.0180549	-0.000564438
603.556	0.0170152	0.0180592	-0.00104394
604.376	0.0175856	0.0180638	-0.000478212
605.196	0.0173954	0.0180687	-0.00067331
606.016	0.018346	0.0180741	0.000271927
606.836	0.0168251	0.0180797	-0.00125465
607.656	0.0186312	0.0180857	0.000545465
608.475	0.018346	0.018092	0.000254032
609.294	0.0189163	0.0180985	0.000817841
610.114	0.0177757	0.0181053	-0.000329634
610.933	0.01673	0.0181123	-0.00138229
611.752	0.0181559	0.0181196	3.63063e-05
612.57	0.0175856	0.0181271	-0.000541504
613.389	0.0173954	0.0181347	-0.000739284
614.207	0.0160646	0.0181426	-0.00207793
615.026	0.0164449	0.0181506	-0.00170573
615.844	0.0159696	0.0181588	-0.0021892
616.662	0.0161597	0.0181671	-0.00200743
617.48	0.0165399	0.0181756	-0.00163568
618.297	0.0165399	0.0181842	-0.00164429
619.115	0.0153042	0.0181929	-0.00288876
619.932	0.0153992	0.0182018	-0.00280255
620.75	0.0155894	0.0182107	-0.00262139
621.567	0.0157795	0.0182198	-0.00244033
622.384	0.0163498	0.0182289	-0.00187912
623.201	0.0144487	0.0182382	-0.00378948
624.018	0.015019	0.0182475	-0.00322844
624.834	0.0147338	0.0182568	-0.00352298
625.65	0.0158745	0.0182662	-0.00239172
626.467	0.0145437	0.0182757	-0.00373201
627.283	0.0153042	0.0182853	-0.00298109
628.099	0.0154943	0.0182949	-0.00280057
628.915	0.0148289	0.0183045	-0.0034756
629.73	0.0146388	0.0183142	-0.00367538
630.546	0.0154943	0.0183239	-0.00282957
631.361	0.0136882	0.0183336	-0.00464538
632.177	0.0146388	0.0183433	-0.00370456
632.992	0.014924	0.0183531	-0.00342917
633.807	0.0137833	0.0183629	-0.00457965
634.621	0.0141635	0.0183727	-0.00420923
635.436	0.015019	0.0183825	-0.00336353
636.251	0.0137833	0.0183924	-0.0046091
637.065	0.0147338	0.0184022	-0.00366836
637.879	0.0139734	0.018412	-0.00443865
638.693	0.0139734	0.0184219	-0.00444849
639.507	0.0136882	0.0184317	-0.00474349
