# Exported by PeakFit GUI
# Source: E:/VS_CODE/PCM_Fano_GUI/NPs10nmEGPa.txt
# Range: 159.86975 to 2095.75376 (points=1650)
# Parameters:
# C = 1.714000e+05 +/- 0.000000e+00
# D = 1.000000e+05 +/- 0.000000e+00
# b = -19.165666 +/- 0.106200
# g0 = 25.611915 +/- 0.265667
# q = -4.335132 +/- 0.089116
# a = 0.543100 +/- 0.000000e+00
# L = 13.752900 +/- 0.000000e+00
# N = 0.010172 +/- 4.799225e-05
# y0 = 0.012844 +/- 2.130371e-03
# N_g = 0.068287 +/- 4.067750e-03
# x0 = 4.789492e+02 +/- 1.273262
# gg = 50.322616 +/- 4.343101
# x	experimental	fitted	residual
159.87	0.272424	0.0809336	0.19149
161.221	0.262682	0.0809968	0.181685
162.572	0.253625	0.0810604	0.172565
163.922	0.245254	0.0811245	0.16413
165.272	0.237569	0.0811891	0.15638
166.623	0.233234	0.0812542	0.15198
167.973	0.232118	0.0813198	0.150798
169.322	0.223191	0.081386	0.141805
170.672	0.215548	0.0814527	0.134095
172.021	0.213926	0.0815199	0.132406
173.37	0.202063	0.0815876	0.120475
174.719	0.199896	0.0816559	0.11824
176.068	0.189894	0.0817248	0.108169
177.416	0.176067	0.0817942	0.0942728
178.764	0.168642	0.0818642	0.0867782
180.112	0.163922	0.0819347	0.0819877
181.46	0.161697	0.0820059	0.0796911
182.808	0.16006	0.0820776	0.0779823
184.155	0.15369	0.0821499	0.0715398
185.502	0.150336	0.0822229	0.068113
186.849	0.137047	0.0822965	0.0547508
188.196	0.119872	0.0823707	0.0375015
189.542	0.105396	0.0824455	0.022951
190.888	0.0933061	0.082521	0.0107851
192.234	0.0880199	0.0825971	0.00542287
193.58	0.077125	0.0826739	-0.00554889
194.926	0.0677821	0.0827513	-0.0149692
196.271	0.0628636	0.0828295	-0.0199659
197.616	0.052323	0.0829083	-0.0305853
198.961	0.035894	0.0829879	-0.0470939
200.306	0.0260536	0.0830681	-0.0570145
201.651	0.0191789	0.0831491	-0.0639702
202.995	0.0215682	0.0832308	-0.0616626
204.339	0.0133573	0.0833133	-0.069956
205.683	0.0177433	0.0833965	-0.0656532
207.027	0.0191266	0.0834806	-0.0643539
208.37	0.0163732	0.0835653	-0.0671921
209.714	0.00736939	0.0836509	-0.0762816
211.057	0.000420762	0.0837374	-0.0833166
212.399	-0.00414792	0.0838246	-0.0879725
213.742	-0.00169934	0.0839127	-0.085612
215.084	-0.00471584	0.0840016	-0.0887175
216.427	-0.00209138	0.0840914	-0.0861828
217.769	-0.00394175	0.0841822	-0.0881239
219.11	-0.00546457	0.0842738	-0.0897383
220.452	-0.0106663	0.0843663	-0.0950326
221.793	-0.0171936	0.0844598	-0.101653
223.134	-0.0246365	0.0845543	-0.109191
224.475	-0.0237445	0.0846497	-0.108394
225.816	-0.0299628	0.0847461	-0.114709
227.156	-0.0264085	0.0848436	-0.111252
228.497	-0.0210946	0.0849421	-0.106037
229.837	-0.0180167	0.0850417	-0.103058
231.177	-0.0192991	0.0851424	-0.104442
232.516	-0.0146211	0.0852443	-0.0998654
233.856	-0.0168298	0.0853472	-0.102177
235.195	-0.0211014	0.0854514	-0.106553
236.534	-0.0319216	0.0855568	-0.117478
237.873	-0.0320962	0.0856635	-0.11776
239.211	-0.0313256	0.0857714	-0.117097
240.549	-0.0309463	0.0858807	-0.116827
241.887	-0.0368573	0.0859913	-0.122849
243.225	-0.0371593	0.0861033	-0.123263
244.563	-0.0383024	0.0862169	-0.124519
245.9	-0.0310254	0.0863319	-0.117357
247.238	-0.027129	0.0864485	-0.113578
248.575	-0.018992	0.0865668	-0.105559
249.912	-0.0117652	0.0866867	-0.0984519
251.248	-0.0123142	0.0868084	-0.0991227
252.585	-0.0147293	0.086932	-0.101661
253.921	-0.023211	0.0870575	-0.110269
255.257	-0.0262621	0.0871851	-0.113447
256.592	-0.0240049	0.0873148	-0.11132
257.928	-0.0221869	0.0874467	-0.109634
259.263	-0.021037	0.0875811	-0.108618
260.598	-0.0215907	0.087718	-0.109309
261.933	-0.024085	0.0878576	-0.111943
263.268	-0.0206188	0.088	-0.108619
264.602	-0.0266135	0.0881455	-0.114759
265.937	-0.0247044	0.0882943	-0.112999
267.271	-0.0211901	0.0884465	-0.109637
268.605	-0.0169808	0.0886025	-0.105583
269.938	-0.0100802	0.0887624	-0.0988426
271.271	-0.0056205	0.0889265	-0.094547
272.605	0.00428313	0.089095	-0.0848119
273.938	0.013721	0.0892681	-0.0755471
275.27	0.0121886	0.0894458	-0.0772571
276.603	0.0178892	0.0896279	-0.0717387
277.935	0.0185319	0.0898142	-0.0712823
279.267	0.0185145	0.090004	-0.0714894
280.599	0.0197804	0.0901962	-0.0704158
281.931	0.0145243	0.0903894	-0.0758651
283.262	0.0200655	0.0905817	-0.0705161
284.593	0.0230487	0.0907709	-0.0677223
285.925	0.021352	0.0909552	-0.0696032
287.255	0.0232572	0.0911329	-0.0678758
288.586	0.0223273	0.0913032	-0.0689758
289.916	0.0262479	0.091466	-0.0652181
291.246	0.0240564	0.091622	-0.0675656
292.576	0.0261909	0.0917726	-0.0655817
293.906	0.0344242	0.0919191	-0.057495
295.236	0.0380336	0.0920632	-0.0540296
296.565	0.0349481	0.0922062	-0.0572581
297.894	0.0362737	0.0923492	-0.0560756
299.223	0.0399499	0.0924931	-0.0525432
300.552	0.0429953	0.0926386	-0.0496432
301.88	0.0425722	0.0927861	-0.0502139
303.208	0.0484609	0.0929361	-0.0444752
304.536	0.051432	0.0930887	-0.0416567
305.864	0.0517013	0.0932442	-0.0415428
307.192	0.0483743	0.0934026	-0.0450283
308.519	0.0511514	0.0935639	-0.0424126
309.846	0.0531912	0.0937284	-0.0405372
311.173	0.0521378	0.0938958	-0.0417581
312.5	0.0545026	0.0940664	-0.0395639
313.826	0.0568328	0.0942401	-0.0374073
315.153	0.0597435	0.0944168	-0.0346733
316.479	0.0634422	0.0945966	-0.0311545
317.804	0.0692094	0.0947796	-0.0255702
319.13	0.0731133	0.0949656	-0.0218524
320.456	0.072151	0.0951548	-0.0230038
321.781	0.0668976	0.0953472	-0.0284495
323.106	0.0624669	0.0955426	-0.0330757
324.431	0.0604853	0.0957413	-0.0352559
325.755	0.0594196	0.0959432	-0.0365235
327.08	0.061245	0.0961483	-0.0349033
328.404	0.0631556	0.0963566	-0.033201
329.728	0.058571	0.0965683	-0.0379973
331.051	0.0605324	0.0967833	-0.0362509
332.375	0.0586312	0.0970016	-0.0383704
333.698	0.0557212	0.0972234	-0.0415022
335.021	0.0607496	0.0974487	-0.0366991
336.344	0.0608186	0.0976774	-0.0368588
337.667	0.0654532	0.0979098	-0.0324566
338.989	0.0623599	0.0981457	-0.0357859
340.311	0.0591895	0.0983854	-0.0391959
341.633	0.0662175	0.0986288	-0.0324113
342.955	0.0658025	0.098876	-0.0330736
344.277	0.0672936	0.0991271	-0.0318335
345.598	0.070201	0.0993821	-0.0291811
346.919	0.064361	0.0996412	-0.0352802
348.24	0.0612684	0.0999044	-0.0386361
349.561	0.0570657	0.100172	-0.0431061
350.881	0.0612859	0.100443	-0.0391575
352.202	0.066145	0.100719	-0.0345743
353.522	0.0697318	0.101	-0.031268
354.841	0.076766	0.101285	-0.0245187
356.161	0.0806405	0.101574	-0.0209339
357.48	0.0757969	0.101869	-0.0260718
358.8	0.0699497	0.102168	-0.0322181
360.119	0.064872	0.102472	-0.0375999
361.437	0.0675675	0.102781	-0.0352135
362.756	0.0665123	0.103095	-0.0365831
364.074	0.0679888	0.103415	-0.0354262
365.392	0.0729128	0.10374	-0.0308273
366.71	0.0827775	0.104071	-0.021293
368.028	0.088463	0.104407	-0.0159438
369.346	0.0895166	0.104749	-0.0152322
370.663	0.0905809	0.105097	-0.0145159
371.98	0.0891936	0.105451	-0.0162573
373.297	0.086321	0.105811	-0.0194904
374.613	0.0797242	0.106178	-0.0264539
375.93	0.078425	0.106551	-0.0281264
377.246	0.0810976	0.106932	-0.0258339
378.562	0.0831768	0.107319	-0.024142
379.878	0.0835177	0.107713	-0.0241955
381.193	0.0870478	0.108115	-0.021067
382.509	0.0880916	0.108524	-0.0204324
383.824	0.08851	0.108941	-0.0204311
385.139	0.0865938	0.109366	-0.0227725
386.453	0.0882715	0.1098	-0.0215285
387.768	0.0884665	0.110242	-0.0217759
389.082	0.0913743	0.110694	-0.0193195
390.396	0.0945536	0.111154	-0.0166008
391.71	0.0982415	0.111625	-0.0133834
393.024	0.0996535	0.112106	-0.0124523
394.337	0.0941495	0.112597	-0.0184479
395.65	0.0938073	0.1131	-0.0192931
396.963	0.0948176	0.113615	-0.0187977
398.276	0.0951198	0.114143	-0.019023
399.588	0.10056	0.114684	-0.014124
400.901	0.103554	0.115239	-0.0116857
402.213	0.108267	0.11581	-0.00754316
403.525	0.114136	0.116398	-0.00226185
404.836	0.114455	0.117003	-0.00254871
406.148	0.117079	0.117628	-0.00054954
407.459	0.119032	0.118274	0.00075772
408.77	0.121276	0.118944	0.00233208
410.081	0.121951	0.119638	0.00231332
411.392	0.119981	0.12036	-0.000379087
412.702	0.117974	0.121113	-0.00313893
414.012	0.118027	0.121898	-0.00387151
415.322	0.115948	0.122721	-0.0067729
416.632	0.117761	0.123583	-0.00582261
417.941	0.12272	0.12449	-0.00176998
419.251	0.129285	0.125445	0.0038394
420.56	0.136044	0.126454	0.00958998
421.869	0.139308	0.127521	0.0117871
423.177	0.142013	0.128652	0.0133616
424.486	0.14848	0.129852	0.0186282
425.794	0.147937	0.131127	0.0168101
427.102	0.148777	0.132485	0.016292
428.41	0.152132	0.13393	0.0182015
429.718	0.151206	0.135471	0.0157356
431.025	0.153486	0.137113	0.0163732
432.332	0.150639	0.138863	0.0117755
433.639	0.152935	0.140729	0.0122058
434.946	0.158963	0.142716	0.0162472
436.252	0.155961	0.14483	0.0111315
437.559	0.156767	0.147077	0.00968957
438.865	0.158805	0.149463	0.00934213
440.171	0.156227	0.151991	0.00423631
441.476	0.157413	0.154664	0.00274882
442.782	0.155647	0.157486	-0.00183901
444.087	0.159198	0.160458	-0.00126018
445.392	0.16589	0.163579	0.00231037
446.697	0.17128	0.166849	0.00443097
448.001	0.178312	0.170264	0.00804867
449.306	0.181842	0.17382	0.00802213
450.61	0.180343	0.177511	0.00283199
451.914	0.184581	0.181329	0.00325116
453.218	0.182017	0.185266	-0.00324953
454.521	0.185762	0.189311	-0.00354881
455.824	0.19052	0.193451	-0.00293193
457.128	0.194641	0.197674	-0.00303318
458.43	0.200234	0.201963	-0.00172949
459.733	0.202715	0.206304	-0.00358924
461.036	0.203331	0.210681	-0.00735018
462.338	0.208724	0.215075	-0.00635099
463.64	0.211757	0.219471	-0.007714
464.942	0.216392	0.223851	-0.0074585
466.243	0.219343	0.228198	-0.00885559
467.545	0.223558	0.232498	-0.00894008
468.846	0.224304	0.236734	-0.0124305
470.147	0.228713	0.240896	-0.0121823
471.447	0.235974	0.24497	-0.0089963
472.748	0.244246	0.248949	-0.00470304
474.048	0.255952	0.252826	0.00312617
475.348	0.259534	0.256598	0.00293621
476.648	0.259821	0.260264	-0.00044357
477.948	0.262274	0.263828	-0.00155354
479.247	0.2589	0.267295	-0.00839431
480.546	0.26359	0.270675	-0.00708535
481.845	0.268383	0.273984	-0.00560009
483.144	0.277628	0.277237	0.000391072
484.443	0.286061	0.280457	0.00560377
485.741	0.290522	0.283669	0.00685285
487.039	0.295662	0.286902	0.00875989
488.337	0.301973	0.290189	0.0117845
489.635	0.306789	0.293566	0.013223
490.932	0.307374	0.297073	0.0103014
492.23	0.31412	0.300754	0.0133659
493.527	0.317998	0.304656	0.0133427
494.824	0.320054	0.308829	0.0112248
496.12	0.323094	0.313327	0.00976647
497.417	0.325091	0.318209	0.0068818
498.713	0.32864	0.323535	0.00510489
500.009	0.334129	0.32937	0.00475908
501.305	0.341418	0.335785	0.0056337
502.6	0.353971	0.342853	0.0111178
503.896	0.361159	0.350654	0.0105047
505.191	0.371342	0.359274	0.012068
506.486	0.375139	0.368805	0.00633426
507.78	0.376035	0.379346	-0.00331161
509.075	0.384703	0.391006	-0.00630309
510.369	0.392228	0.403903	-0.0116757
511.663	0.404695	0.418165	-0.0134698
512.957	0.414402	0.433931	-0.0195289
514.251	0.428505	0.451354	-0.0228492
515.544	0.443704	0.470596	-0.0268922
516.837	0.461278	0.491833	-0.0305547
518.13	0.482656	0.515246	-0.0325898
519.423	0.510745	0.541021	-0.0302763
520.716	0.535315	0.569339	-0.0340241
522.008	0.573504	0.600358	-0.0268543
523.3	0.616123	0.634194	-0.018071
524.592	0.662461	0.670882	-0.00842099
525.884	0.715182	0.710327	0.00485468
527.175	0.771178	0.752236	0.0189419
528.467	0.824909	0.796017	0.0288919
529.758	0.872416	0.840667	0.0317486
531.049	0.913438	0.884647	0.0287907
532.339	0.953267	0.925774	0.0274935
533.63	0.980727	0.961185	0.0195412
534.92	1	0.987457	0.0125435
536.21	0.9981	1.00094	-0.00284287
537.5	0.984183	0.99838	-0.0141969
538.789	0.958146	0.977653	-0.0195068
540.078	0.91237	0.938485	-0.026115
541.368	0.860256	0.882747	-0.0224909
542.656	0.7974	0.814181	-0.0167808
543.945	0.733219	0.737622	-0.0044025
545.234	0.669656	0.658021	0.0116343
546.522	0.593527	0.579644	0.0138833
547.81	0.523091	0.505626	0.0174648
549.098	0.459389	0.437909	0.0214805
550.385	0.395408	0.377406	0.0180022
551.673	0.336549	0.324278	0.0122708
552.96	0.281015	0.2782	0.00281449
554.247	0.23844	0.238577	-0.000136944
555.534	0.202317	0.204695	-0.00237806
556.82	0.171075	0.175826	-0.00475111
558.107	0.146501	0.151274	-0.00477374
559.393	0.126928	0.130412	-0.00348337
560.679	0.110407	0.112685	-0.0022777
561.964	0.0942534	0.0976148	-0.00336145
563.25	0.0789675	0.0847931	-0.00582565
564.535	0.0687049	0.073874	-0.00516904
565.82	0.0623824	0.0645655	-0.00218312
567.105	0.0559826	0.0566226	-0.000639924
568.39	0.0526763	0.0498393	0.00283706
569.674	0.0403857	0.0440426	-0.00365689
570.958	0.0376093	0.0390871	-0.00147783
572.242	0.0365154	0.0348505	0.00166487
573.526	0.0327968	0.0312296	0.00156723
574.809	0.0315753	0.0281371	0.00343821
576.093	0.0325421	0.0254993	0.00704284
577.376	0.0263854	0.0232534	0.00313202
578.659	0.0245066	0.021346	0.00316064
579.941	0.0160341	0.0197317	-0.00369759
581.224	0.0151884	0.0183715	-0.00318304
582.506	0.00972416	0.0172319	-0.00750778
583.788	0.00812797	0.0162845	-0.00815648
585.07	0.00832608	0.0155042	-0.00717816
586.352	0.0107737	0.01487	-0.00409627
587.633	0.00768702	0.0143632	-0.00667615
588.914	0.0113195	0.0139678	-0.00264835
590.195	0.0119625	0.0136699	-0.00170747
591.476	0.0118496	0.0134575	-0.00160787
592.756	0.007765	0.0133198	-0.00555477
594.037	0.00337969	0.0132476	-0.00986794
595.317	0.000301551	0.0132329	-0.0129314
596.597	0	0.0132686	-0.0132686
597.876	0.000502487	0.0133483	-0.0128458
599.156	0.00267417	0.0134666	-0.0107924
600.435	0.00559399	0.0136187	-0.00802472
601.714	0.00674361	0.0138003	-0.00705669
602.993	0.00670341	0.0140076	-0.0073042
604.272	0.00191686	0.0142373	-0.0123205
605.55	0.00400646	0.0144865	-0.01048
606.828	0.00791701	0.0147525	-0.00683547
608.106	0.0142767	0.015033	-0.000756269
609.384	0.016127	0.015326	0.000801061
610.661	0.0176101	0.0156296	0.0019805
611.939	0.0156884	0.0159422	-0.000253768
613.216	0.0147199	0.0162623	-0.00154249
614.493	0.0117416	0.0165888	-0.00484725
615.769	0.0123518	0.0169204	-0.00456861
617.046	0.0123818	0.0172562	-0.00487435
618.322	0.0131147	0.0175951	-0.00448045
619.598	0.0106532	0.0179365	-0.00728333
620.874	0.0092965	0.0182796	-0.00898309
622.149	0.00949723	0.0186238	-0.00912652
623.425	0.0105952	0.0189684	-0.00837326
624.7	0.00988833	0.0193131	-0.00942477
625.975	0.00773342	0.0196573	-0.0119239
627.25	0.00958497	0.0200007	-0.0104158
628.524	0.00919518	0.020343	-0.0111478
629.798	0.012362	0.0206837	-0.0083217
631.072	0.0143602	0.0210226	-0.00666243
632.346	0.0193507	0.0213596	-0.00200891
633.62	0.023572	0.0216944	0.00187759
634.893	0.0228365	0.0220267	0.000809832
636.167	0.021489	0.0223565	-0.000867552
637.44	0.0200962	0.0226836	-0.0025874
638.713	0.0145268	0.0230079	-0.00848109
639.985	0.0121386	0.0233292	-0.0111906
641.257	0.00787112	0.0236476	-0.0157765
642.53	0.01073	0.0239629	-0.0132329
643.802	0.0155483	0.024275	-0.00872674
645.073	0.0226187	0.024584	-0.00196523
646.345	0.0247671	0.0248897	-0.000122541
647.616	0.0227468	0.0251921	-0.00244527
648.887	0.0202049	0.0254913	-0.00528637
650.158	0.0133026	0.0257871	-0.0124845
651.429	0.0100075	0.0260797	-0.0160722
652.699	0.00966467	0.0263689	-0.0167043
653.969	0.0115208	0.0266549	-0.0151341
655.239	0.0158953	0.0269375	-0.0110422
656.509	0.0131383	0.0272169	-0.0140786
657.779	0.0156203	0.0274929	-0.0118727
659.048	0.0165157	0.0277657	-0.01125
660.317	0.0158886	0.0280353	-0.0121466
661.586	0.0168082	0.0283016	-0.0114933
662.855	0.01735	0.0285647	-0.0112148
664.123	0.0149076	0.0288247	-0.0139171
665.392	0.015508	0.0290816	-0.0135735
666.66	0.0146098	0.0293353	-0.0147255
667.928	0.0170366	0.029586	-0.0125493
669.195	0.0211513	0.0298336	-0.00868231
670.463	0.0239483	0.0300782	-0.00612991
671.73	0.0256379	0.0303198	-0.00468188
672.997	0.0188145	0.0305585	-0.0117441
674.264	0.0149513	0.0307943	-0.015843
675.53	0.0151212	0.0310273	-0.015906
676.797	0.0163108	0.0312574	-0.0149466
678.063	0.0163664	0.0314847	-0.0151182
679.329	0.0198828	0.0317092	-0.0118264
680.594	0.0220763	0.0319311	-0.00985483
681.86	0.0231491	0.0321503	-0.00900118
683.125	0.0162997	0.0323668	-0.0160671
684.39	0.0151339	0.0325807	-0.0174468
685.655	0.0145538	0.032792	-0.0182382
686.92	0.0178259	0.0330008	-0.0151749
688.184	0.0160055	0.0332071	-0.0172017
689.448	0.0148747	0.033411	-0.0185363
690.712	0.0149951	0.0336124	-0.0186173
691.976	0.0120303	0.0338114	-0.0217811
693.24	0.0103247	0.0340081	-0.0236834
694.503	0.0115395	0.0342025	-0.022663
695.766	0.0112557	0.0343945	-0.0231389
697.029	0.0141584	0.0345844	-0.020426
698.292	0.0146574	0.034772	-0.0201146
699.554	0.0170731	0.0349574	-0.0178843
700.816	0.017173	0.0351407	-0.0179677
702.078	0.0151699	0.0353218	-0.0201519
703.34	0.0108483	0.0355009	-0.0246526
704.602	0.0105491	0.0356779	-0.0251288
705.863	0.00759327	0.0358528	-0.0282596
707.125	0.00801302	0.0360258	-0.0280128
708.386	0.00918622	0.0361968	-0.0270106
709.646	0.0131999	0.0363659	-0.023166
710.907	0.0138302	0.0365331	-0.0227028
712.167	0.0188637	0.0366984	-0.0178347
713.427	0.0170664	0.0368618	-0.0197954
714.687	0.017106	0.0370235	-0.0199174
715.947	0.0150933	0.0371833	-0.02209
717.206	0.0166851	0.0373414	-0.0206563
718.466	0.0138047	0.0374977	-0.023693
719.725	0.00690204	0.0376523	-0.0307503
720.984	0.00364651	0.0378052	-0.0341587
722.242	0.00620229	0.0379565	-0.0317542
723.501	0.005412	0.0381061	-0.0326941
724.759	0.00624828	0.0382541	-0.0320058
726.017	0.00605978	0.0384005	-0.0323408
727.275	0.00624939	0.0385454	-0.032296
728.532	0.00233952	0.0386887	-0.0363492
729.789	4.0272e-05	0.0388305	-0.0387902
731.047	0.00210689	0.0389708	-0.0368639
732.303	0.00186028	0.0391096	-0.0372493
733.56	0.000559583	0.0392469	-0.0386874
734.817	0.00174267	0.0393829	-0.0376402
736.073	0.00441658	0.0395174	-0.0351008
737.329	0.00139648	0.0396505	-0.038254
738.585	0.00291525	0.0397823	-0.036867
739.84	0.00269047	0.0399127	-0.0372222
741.096	0.0012519	0.0400417	-0.0387898
742.351	-0.00210861	0.0401695	-0.0422781
743.606	-0.00688787	0.0402959	-0.0471838
744.861	-0.0088719	0.0404211	-0.049293
746.115	-0.00423533	0.040545	-0.0447804
747.369	-0.00466454	0.0406677	-0.0453323
748.624	-0.00208021	0.0407892	-0.0428694
749.877	-0.00574364	0.0409094	-0.0466531
751.131	-0.00438369	0.0410285	-0.0454122
752.385	-0.0077834	0.0411464	-0.0489298
753.638	-0.0078155	0.0412632	-0.0490787
754.891	-0.0117501	0.0413788	-0.0531289
756.144	-0.0079673	0.0414932	-0.0494606
757.396	-0.00681988	0.0416066	-0.0484265
758.649	-0.00529965	0.0417189	-0.0470186
759.901	-0.00615388	0.0418301	-0.047984
761.153	-0.00307085	0.0419403	-0.0450111
762.405	-0.00677066	0.0420494	-0.04882
763.656	-0.00464047	0.0421574	-0.0467979
764.907	-0.00813509	0.0422645	-0.0503995
766.159	-0.00441282	0.0423705	-0.0467833
767.409	-0.00176058	0.0424755	-0.0442361
768.66	-0.000697519	0.0425796	-0.0432771
769.911	-0.00444999	0.0426827	-0.0471327
771.161	-0.00752092	0.0427849	-0.0503058
772.411	-0.017372	0.0428861	-0.060258
773.661	-0.0205731	0.0429863	-0.0635595
774.91	-0.0256802	0.0430857	-0.0687659
776.16	-0.0242785	0.0431842	-0.0674627
777.409	-0.0199858	0.0432817	-0.0632675
778.658	-0.0188261	0.0433784	-0.0622046
779.906	-0.0158589	0.0434742	-0.0593331
781.155	-0.0132004	0.0435692	-0.0567696
782.403	-0.0122108	0.0436633	-0.0558742
783.651	-0.00991681	0.0437566	-0.0536734
784.899	-0.0124197	0.0438491	-0.0562688
786.147	-0.0118532	0.0439407	-0.0557939
787.394	-0.0119787	0.0440316	-0.0560102
788.642	-0.0148407	0.0441216	-0.0589623
789.889	-0.0157141	0.0442109	-0.0599249
791.135	-0.0195715	0.0442994	-0.0638708
792.382	-0.0184455	0.0443871	-0.0628326
793.628	-0.0213337	0.0444741	-0.0658078
794.875	-0.0224889	0.0445603	-0.0670492
796.12	-0.0216288	0.0446458	-0.0662746
797.366	-0.022672	0.0447306	-0.0674026
798.612	-0.0269735	0.0448146	-0.0717881
799.857	-0.0280644	0.0448979	-0.0729624
801.102	-0.0296957	0.0449806	-0.0746762
802.347	-0.0271953	0.0450625	-0.0722578
803.592	-0.0275645	0.0451438	-0.0727083
804.836	-0.0277287	0.0452244	-0.0729531
806.08	-0.0259335	0.0453043	-0.0712378
807.324	-0.0287063	0.0453836	-0.0740899
808.568	-0.0298925	0.0454622	-0.0753547
809.812	-0.0280304	0.0455402	-0.0735706
811.055	-0.0277656	0.0456175	-0.0733831
812.298	-0.0255919	0.0456943	-0.0712862
813.541	-0.0236684	0.0457703	-0.0694388
814.784	-0.0240901	0.0458458	-0.0699359
816.026	-0.022209	0.0459207	-0.0681297
817.269	-0.0267886	0.045995	-0.0727836
818.511	-0.0227591	0.0460687	-0.0688277
819.753	-0.0295853	0.0461418	-0.0757271
820.994	-0.0329374	0.0462143	-0.0791517
822.236	-0.0319263	0.0462863	-0.0782126
823.477	-0.0268556	0.0463576	-0.0732132
824.718	-0.0269092	0.0464285	-0.0733376
825.959	-0.0179756	0.0464988	-0.0644743
827.199	-0.0184097	0.0465685	-0.0649782
828.44	-0.0133465	0.0466377	-0.0599842
829.68	-0.0202918	0.0467064	-0.0669981
830.92	-0.0243406	0.0467745	-0.0711151
832.159	-0.0306442	0.0468421	-0.0774863
833.399	-0.0333059	0.0469092	-0.0802151
834.638	-0.0356561	0.0469758	-0.0826319
835.877	-0.0296208	0.0470419	-0.0766627
837.116	-0.0309034	0.0471075	-0.0780108
838.355	-0.0278121	0.0471726	-0.0749846
839.593	-0.026829	0.0472372	-0.0740662
840.831	-0.0277519	0.0473013	-0.0750532
842.069	-0.0326146	0.047365	-0.0799795
843.307	-0.0363458	0.0474281	-0.0837739
844.545	-0.0373003	0.0474909	-0.0847912
845.782	-0.0353399	0.0475531	-0.082893
847.019	-0.0326127	0.0476149	-0.0802276
848.256	-0.0273298	0.0476763	-0.075006
849.493	-0.0245598	0.0477372	-0.0722969
850.729	-0.0228013	0.0477976	-0.0705989
851.966	-0.0282728	0.0478576	-0.0761304
853.202	-0.0306163	0.0479172	-0.0785335
854.437	-0.0342961	0.0479764	-0.0822725
855.673	-0.0373076	0.0480351	-0.0853427
856.909	-0.0410245	0.0480934	-0.089118
858.144	-0.0368297	0.0481513	-0.084981
859.379	-0.0372135	0.0482088	-0.0854223
860.614	-0.03904	0.0482659	-0.087306
861.848	-0.0400573	0.0483226	-0.0883799
863.082	-0.0369668	0.0483789	-0.0853457
864.317	-0.0423523	0.0484348	-0.0907871
865.55	-0.0468032	0.0484903	-0.0952935
866.784	-0.0460525	0.0485454	-0.0945979
868.018	-0.0404434	0.0486002	-0.0890435
869.251	-0.0422347	0.0486545	-0.0908892
870.484	-0.041662	0.0487085	-0.0903705
871.717	-0.0387919	0.0487622	-0.087554
872.949	-0.0404205	0.0488154	-0.0892359
874.182	-0.043995	0.0488683	-0.0928634
875.414	-0.0475482	0.0489208	-0.096469
876.646	-0.0419704	0.048973	-0.0909434
877.878	-0.0375345	0.0490249	-0.0865594
879.109	-0.0379914	0.0490763	-0.0870678
880.341	-0.0359433	0.0491275	-0.0850707
881.572	-0.0375394	0.0491783	-0.0867176
882.803	-0.0389863	0.0492287	-0.088215
884.033	-0.0407339	0.0492788	-0.0900127
885.264	-0.0445019	0.0493286	-0.0938306
886.494	-0.039935	0.0493781	-0.0893131
887.724	-0.0374896	0.0494272	-0.0869169
888.954	-0.0416807	0.0494761	-0.0911567
890.184	-0.0436222	0.0495246	-0.0931467
891.413	-0.0483188	0.0495727	-0.0978916
892.642	-0.0463949	0.0496206	-0.0960155
893.871	-0.049361	0.0496682	-0.0990292
895.1	-0.0495771	0.0497154	-0.0992926
896.328	-0.0515395	0.0497624	-0.101302
897.557	-0.0540661	0.049809	-0.103875
898.785	-0.0567257	0.0498554	-0.106581
900.013	-0.0537231	0.0499014	-0.103625
901.24	-0.0564464	0.0499472	-0.106394
902.468	-0.049738	0.0499927	-0.0997307
903.695	-0.0498418	0.0500379	-0.0998796
904.922	-0.0460534	0.0500828	-0.0961362
906.149	-0.0508049	0.0501274	-0.100932
907.376	-0.052636	0.0501718	-0.102808
908.602	-0.0551725	0.0502158	-0.105388
909.828	-0.0525924	0.0502596	-0.102852
911.054	-0.0599975	0.0503031	-0.110301
912.28	-0.0556097	0.0503464	-0.105956
913.505	-0.0517436	0.0503894	-0.102133
914.731	-0.049416	0.0504321	-0.0998482
915.956	-0.0501497	0.0504746	-0.100624
917.181	-0.0488389	0.0505168	-0.0993557
918.405	-0.0473789	0.0505587	-0.0979376
919.63	-0.0402779	0.0506004	-0.0908783
920.854	-0.0442536	0.0506419	-0.0948955
922.078	-0.0445157	0.0506831	-0.0951988
923.302	-0.0457839	0.050724	-0.0965079
924.526	-0.0483512	0.0507647	-0.0991159
925.749	-0.0490149	0.0508052	-0.0998201
926.972	-0.0496014	0.0508454	-0.100447
928.195	-0.0459764	0.0508854	-0.0968618
929.418	-0.0358799	0.0509251	-0.086805
930.64	-0.0365833	0.0509646	-0.0875479
931.863	-0.0388997	0.0510039	-0.0899036
933.085	-0.0421079	0.0510429	-0.0931508
934.307	-0.0447675	0.0510817	-0.0958493
935.528	-0.0460987	0.0511203	-0.0972191
936.75	-0.0489872	0.0511587	-0.100146
937.971	-0.0492055	0.0511968	-0.100402
939.192	-0.0454226	0.0512347	-0.0966574
940.413	-0.0470357	0.0512724	-0.0983081
941.634	-0.044376	0.0513099	-0.0956859
942.854	-0.0457946	0.0513472	-0.0971417
944.074	-0.0464543	0.0513842	-0.0978385
945.294	-0.0439701	0.0514211	-0.0953912
946.514	-0.0430058	0.0514577	-0.0944635
947.733	-0.0408568	0.0514941	-0.092351
948.953	-0.0407575	0.0515303	-0.0922879
950.172	-0.0426094	0.0515664	-0.0941758
951.391	-0.0428161	0.0516022	-0.0944182
952.609	-0.0412657	0.0516378	-0.0929035
953.828	-0.0443738	0.0516732	-0.096047
955.046	-0.0372889	0.0517084	-0.0889973
956.264	-0.0350434	0.0517434	-0.0867868
957.482	-0.0347704	0.0517782	-0.0865487
958.699	-0.0376493	0.0518129	-0.0894621
959.917	-0.0411562	0.0518473	-0.0930035
961.134	-0.0431138	0.0518815	-0.0949953
962.351	-0.0451884	0.0519156	-0.097104
963.567	-0.0480189	0.0519495	-0.0999684
964.784	-0.0429671	0.0519832	-0.0949502
966	-0.044666	0.0520167	-0.0966827
967.216	-0.0435245	0.05205	-0.0955745
968.432	-0.0378335	0.0520831	-0.0899166
969.648	-0.0308566	0.0521161	-0.0829727
970.863	-0.0299517	0.0521489	-0.0821006
972.079	-0.031581	0.0521815	-0.0837625
973.294	-0.0320895	0.0522139	-0.0843035
974.508	-0.0339663	0.0522462	-0.0862124
975.723	-0.0331276	0.0522783	-0.0854058
976.937	-0.0314689	0.0523102	-0.0837791
978.151	-0.0264879	0.0523419	-0.0788298
979.365	-0.0226169	0.0523735	-0.0749904
980.579	-0.0265136	0.0524049	-0.0789185
981.793	-0.0255574	0.0524362	-0.0779935
983.006	-0.0237359	0.0524672	-0.0762031
984.219	-0.0216454	0.0524982	-0.0741436
985.432	-0.0192088	0.0525289	-0.0717377
986.644	-0.0207385	0.0525595	-0.073298
987.857	-0.0194491	0.0525899	-0.072039
989.069	-0.0191312	0.0526202	-0.0717514
990.281	-0.0231363	0.0526503	-0.0757867
991.493	-0.0198607	0.0526803	-0.072541
992.704	-0.0156906	0.0527101	-0.0684007
993.916	-0.0140732	0.0527398	-0.066813
995.127	-0.0148356	0.0527693	-0.0676049
996.338	-0.0174268	0.0527987	-0.0702255
997.549	-0.0177738	0.0528279	-0.0706017
998.759	-0.0165554	0.0528569	-0.0694123
999.969	-0.0162447	0.0528858	-0.0691305
1001.18	-0.01275	0.0529146	-0.0656646
1002.39	-0.00782313	0.0529432	-0.0607663
1003.6	-0.00425378	0.0529717	-0.0572255
1004.81	-0.0065089	0.053	-0.0595089
1006.02	-0.00506368	0.0530282	-0.0580919
1007.23	-0.0066265	0.0530563	-0.0596828
1008.44	-0.00681294	0.0530842	-0.0598971
1009.64	-0.00817326	0.0531119	-0.0612852
1010.85	-0.00963198	0.0531396	-0.0627716
1012.06	-0.0109735	0.0531671	-0.0641405
1013.27	-0.0160125	0.0531944	-0.0692069
1014.48	-0.016619	0.0532217	-0.0698407
1015.68	-0.0139512	0.0532488	-0.0672
1016.89	-0.0189207	0.0532757	-0.0721965
1018.1	-0.0190931	0.0533025	-0.0723957
1019.3	-0.0147453	0.0533292	-0.0680745
1020.51	-0.0151199	0.0533558	-0.0684757
1021.72	-0.01719	0.0533822	-0.0705723
1022.92	-0.019537	0.0534085	-0.0729455
1024.13	-0.0177656	0.0534347	-0.0712004
1025.34	-0.0207965	0.0534608	-0.0742573
1026.54	-0.0281159	0.0534867	-0.0816026
1027.75	-0.0252369	0.0535125	-0.0787494
1028.95	-0.0244288	0.0535382	-0.0779671
1030.16	-0.0237751	0.0535638	-0.0773389
1031.36	-0.0219819	0.0535892	-0.0755711
1032.57	-0.0196429	0.0536145	-0.0732575
1033.77	-0.0206341	0.0536397	-0.0742738
1034.97	-0.0238107	0.0536648	-0.0774755
1036.18	-0.0263057	0.0536898	-0.0799954
1037.38	-0.0252015	0.0537146	-0.0789161
1038.58	-0.0300682	0.0537393	-0.0838076
1039.79	-0.0305425	0.0537639	-0.0843065
1040.99	-0.0289988	0.0537884	-0.0827873
1042.19	-0.0293851	0.0538128	-0.0831979
1043.4	-0.0330854	0.0538371	-0.0869225
1044.6	-0.0330935	0.0538612	-0.0869547
1045.8	-0.030245	0.0538853	-0.0841303
1047	-0.0300878	0.0539092	-0.0839971
1048.2	-0.0293822	0.053933	-0.0833152
1049.41	-0.0259904	0.0539567	-0.0799472
1050.61	-0.0220422	0.0539803	-0.0760225
1051.81	-0.0221908	0.0540038	-0.0761946
1053.01	-0.0250359	0.0540272	-0.0790631
1054.21	-0.0230573	0.0540505	-0.0771078
1055.41	-0.0227984	0.0540737	-0.076872
1056.61	-0.0287818	0.0540968	-0.0828785
1057.81	-0.0270425	0.0541197	-0.0811622
1059.01	-0.0212861	0.0541426	-0.0754287
1060.21	-0.0196505	0.0541653	-0.0738158
1061.41	-0.0160662	0.054188	-0.0702542
1062.61	-0.0200473	0.0542105	-0.0742578
1063.81	-0.0204904	0.054233	-0.0747234
1065.01	-0.0269098	0.0542553	-0.0811652
1066.2	-0.0361136	0.0542776	-0.0903912
1067.4	-0.0362291	0.0542998	-0.0905288
1068.6	-0.0322768	0.0543218	-0.0865986
1069.8	-0.0317239	0.0543438	-0.0860677
1071	-0.0282161	0.0543656	-0.0825817
1072.19	-0.0314537	0.0543874	-0.0858411
1073.39	-0.0300594	0.0544091	-0.0844684
1074.59	-0.0359083	0.0544306	-0.090339
1075.78	-0.0376869	0.0544521	-0.092139
1076.98	-0.0338512	0.0544735	-0.0883247
1078.18	-0.0323793	0.0544948	-0.086874
1079.37	-0.0317671	0.054516	-0.0862831
1080.57	-0.0303748	0.0545371	-0.0849119
1081.76	-0.0318469	0.0545581	-0.086405
1082.96	-0.0276912	0.054579	-0.0822702
1084.16	-0.0306352	0.0545999	-0.085235
1085.35	-0.0281484	0.0546206	-0.082769
1086.55	-0.0264895	0.0546413	-0.0811308
1087.74	-0.028797	0.0546618	-0.0834588
1088.93	-0.0279711	0.0546823	-0.0826534
1090.13	-0.0281168	0.0547027	-0.0828195
1091.32	-0.0320398	0.054723	-0.0867628
1092.52	-0.0329707	0.0547432	-0.0877139
1093.71	-0.0332545	0.0547633	-0.0880178
1094.9	-0.031563	0.0547834	-0.0863464
1096.1	-0.0285484	0.0548033	-0.0833517
1097.29	-0.0285764	0.0548232	-0.0833996
1098.48	-0.0248987	0.054843	-0.0797418
1099.67	-0.0243809	0.0548627	-0.0792436
1100.87	-0.024366	0.0548823	-0.0792484
1102.06	-0.0271862	0.0549019	-0.0820881
1103.25	-0.0243254	0.0549214	-0.0792468
1104.44	-0.0243209	0.0549407	-0.0792617
1105.63	-0.0233208	0.05496	-0.0782808
1106.82	-0.0283607	0.0549793	-0.08334
1108.01	-0.0264872	0.0549984	-0.0814856
1109.21	-0.0281169	0.0550175	-0.0831343
1110.4	-0.0260249	0.0550364	-0.0810613
1111.59	-0.0270607	0.0550553	-0.0821161
1112.78	-0.0252295	0.0550742	-0.0803036
1113.97	-0.0227858	0.0550929	-0.0778788
1115.16	-0.0195089	0.0551116	-0.0746205
1116.35	-0.0207041	0.0551302	-0.0758343
1117.53	-0.0167961	0.0551487	-0.0719448
1118.72	-0.0131701	0.0551672	-0.0683373
1119.91	-0.0119692	0.0551855	-0.0671547
1121.1	-0.0150435	0.0552038	-0.0702473
1122.29	-0.018509	0.0552221	-0.073731
1123.48	-0.019504	0.0552402	-0.0747442
1124.67	-0.0191918	0.0552583	-0.0744501
1125.85	-0.0257636	0.0552763	-0.0810399
1127.04	-0.0227014	0.0552942	-0.0779956
1128.23	-0.0114852	0.0553121	-0.0667973
1129.42	-0.00477849	0.0553299	-0.0601084
1130.6	-0.00409588	0.0553476	-0.0594435
1131.79	-0.00298723	0.0553652	-0.0583525
1132.98	-0.00369403	0.0553828	-0.0590768
1134.16	-0.00443267	0.0554003	-0.059833
1135.35	-0.00878095	0.0554178	-0.0641987
1136.53	-0.00798075	0.0554351	-0.0634159
1137.72	-0.00452906	0.0554524	-0.0599815
1138.9	-0.00382717	0.0554697	-0.0592968
1140.09	-0.0035591	0.0554868	-0.0590459
1141.27	-0.00305936	0.0555039	-0.0585633
1142.46	-0.00440431	0.0555209	-0.0599253
1143.64	0.000429433	0.0555379	-0.0551085
1144.83	0.0035995	0.0555548	-0.0519553
1146.01	0.00278722	0.0555716	-0.0527844
1147.2	0.00209217	0.0555884	-0.0534962
1148.38	0.00184443	0.0556051	-0.0537607
1149.56	0.00520119	0.0556218	-0.0504206
1150.75	0.0041843	0.0556383	-0.051454
1151.93	0.00597597	0.0556548	-0.0496789
1153.11	0.00774375	0.0556713	-0.0479275
1154.29	0.00517516	0.0556877	-0.0505125
1155.48	0.0012357	0.055704	-0.0544683
1156.66	0.0019629	0.0557202	-0.0537573
1157.84	0.00203267	0.0557364	-0.0537038
1159.02	0.00217441	0.0557526	-0.0535782
1160.2	-0.00108321	0.0557686	-0.0568519
1161.39	0.00383442	0.0557847	-0.0519502
1162.57	0.00516902	0.0558006	-0.0506316
1163.75	0.00650904	0.0558165	-0.0493075
1164.93	0.00566892	0.0558323	-0.0501634
1166.11	0.00747764	0.0558481	-0.0483705
1167.29	0.00950474	0.0558638	-0.0463591
1168.47	0.00980426	0.0558795	-0.0460752
1169.65	0.00770802	0.0558951	-0.048187
1170.83	0.0085774	0.0559106	-0.0473332
1172.01	0.0129794	0.0559261	-0.0429467
1173.19	0.0157736	0.0559415	-0.0401679
1174.37	0.0207934	0.0559569	-0.0351635
1175.54	0.0251744	0.0559722	-0.0307978
1176.72	0.0284321	0.0559874	-0.0275554
1177.9	0.0278432	0.0560026	-0.0281594
1179.08	0.0253404	0.0560177	-0.0306774
1180.26	0.0190309	0.0560328	-0.0370019
1181.43	0.0182879	0.0560478	-0.0377599
1182.61	0.0154872	0.0560628	-0.0405756
1183.79	0.0245807	0.0560777	-0.0314971
1184.97	0.0302721	0.0560926	-0.0258205
1186.14	0.0318907	0.0561074	-0.0242167
1187.32	0.032157	0.0561222	-0.0239651
1188.5	0.0348726	0.0561369	-0.0212643
1189.67	0.0349661	0.0561515	-0.0211854
1190.85	0.0378096	0.0561661	-0.0183565
1192.02	0.0401899	0.0561806	-0.0159907
1193.2	0.044519	0.0561951	-0.0116761
1194.37	0.0447966	0.0562096	-0.011413
1195.55	0.042737	0.0562239	-0.013487
1196.72	0.0472873	0.0562383	-0.00895101
1197.9	0.0484143	0.0562526	-0.00783829
1199.07	0.0498901	0.0562668	-0.00637668
1200.25	0.0526678	0.056281	-0.00361319
1201.42	0.05864	0.0562951	0.00234489
1202.59	0.0613806	0.0563092	0.00507139
1203.77	0.060051	0.0563232	0.00372776
1204.94	0.0630978	0.0563372	0.00676067
1206.11	0.0699462	0.0563511	0.0135951
1207.29	0.0701156	0.056365	0.0137506
1208.46	0.0706072	0.0563788	0.0142284
1209.63	0.0712027	0.0563926	0.0148101
1210.8	0.0692055	0.0564063	0.0127992
1211.98	0.0723461	0.05642	0.0159261
1213.15	0.0667899	0.0564336	0.0103562
1214.32	0.0709955	0.0564472	0.0145482
1215.49	0.0689853	0.0564608	0.0125245
1216.66	0.0722727	0.0564743	0.0157984
1217.83	0.0772452	0.0564877	0.0207575
1219	0.0837219	0.0565011	0.0272208
1220.18	0.0846483	0.0565145	0.0281338
1221.35	0.0901482	0.0565278	0.0336204
1222.52	0.092097	0.056541	0.035556
1223.69	0.0973815	0.0565543	0.0408272
1224.86	0.0930081	0.0565674	0.0364407
1226.02	0.0963947	0.0565806	0.0398142
1227.19	0.0968106	0.0565936	0.0402169
1228.36	0.105183	0.0566067	0.0485767
1229.53	0.113034	0.0566197	0.0564148
1230.7	0.1157	0.0566326	0.0590674
1231.87	0.120232	0.0566455	0.0635863
1233.04	0.120946	0.0566584	0.0642879
1234.2	0.122385	0.0566712	0.0657137
1235.37	0.12381	0.0566839	0.0671263
1236.54	0.123769	0.0566967	0.0670722
1237.71	0.127021	0.0567094	0.0703113
1238.87	0.128886	0.056722	0.0721636
1240.04	0.127687	0.0567346	0.0709519
1241.21	0.130348	0.0567472	0.0736004
1242.37	0.132788	0.0567597	0.0760281
1243.54	0.13748	0.0567721	0.0807079
1244.71	0.143078	0.0567846	0.086293
1245.87	0.147065	0.056797	0.0902678
1247.04	0.14889	0.0568093	0.092081
1248.2	0.150415	0.0568216	0.0935936
1249.37	0.155161	0.0568339	0.0983274
1250.53	0.15908	0.0568461	0.102233
1251.7	0.16267	0.0568583	0.105812
1252.86	0.164007	0.0568704	0.107136
1254.03	0.16681	0.0568825	0.109927
1255.19	0.168082	0.0568946	0.111188
1256.36	0.170891	0.0569066	0.113984
1257.52	0.175246	0.0569186	0.118328
1258.68	0.179562	0.0569306	0.122631
1259.85	0.182677	0.0569425	0.125734
1261.01	0.188302	0.0569543	0.131348
1262.17	0.193132	0.0569662	0.136166
1263.33	0.198446	0.0569779	0.141468
1264.5	0.200576	0.0569897	0.143587
1265.66	0.202366	0.0570014	0.145365
1266.82	0.211155	0.0570131	0.154141
1267.98	0.218484	0.0570247	0.16146
1269.14	0.224566	0.0570363	0.167529
1270.31	0.230809	0.0570479	0.173761
1271.47	0.236936	0.0570594	0.179877
1272.63	0.243055	0.0570709	0.185984
1273.79	0.245287	0.0570823	0.188205
1274.95	0.242893	0.0570938	0.185799
1276.11	0.251019	0.0571051	0.193914
1277.27	0.258674	0.0571165	0.201558
1278.43	0.269881	0.0571278	0.212753
1279.59	0.280188	0.0571391	0.223048
1280.75	0.293228	0.0571503	0.236078
1281.91	0.307459	0.0571615	0.250298
1283.07	0.318147	0.0571726	0.260974
1284.22	0.324227	0.0571838	0.267043
1285.38	0.338351	0.0571949	0.281156
1286.54	0.349047	0.0572059	0.291841
1287.7	0.360419	0.0572169	0.303202
1288.86	0.368185	0.0572279	0.310957
1290.01	0.378471	0.0572389	0.321232
1291.17	0.393799	0.0572498	0.336549
1292.33	0.41245	0.0572607	0.355189
1293.49	0.439531	0.0572715	0.38226
1294.64	0.460101	0.0572823	0.402819
1295.8	0.479354	0.0572931	0.422061
1296.96	0.497254	0.0573039	0.43995
1298.11	0.520654	0.0573146	0.46334
1299.27	0.548287	0.0573253	0.490962
1300.42	0.585866	0.0573359	0.52853
1301.58	0.627485	0.0573465	0.570139
1302.73	0.675664	0.0573571	0.618307
1303.89	0.716235	0.0573677	0.658867
1305.04	0.765809	0.0573782	0.708431
1306.2	0.81636	0.0573887	0.758971
1307.35	0.876739	0.0573991	0.81934
1308.51	0.94092	0.0574095	0.883511
1309.66	1.01861	0.0574199	0.961186
1310.82	1.10771	0.0574303	1.05028
1311.97	1.20762	0.0574406	1.15018
1313.12	1.31125	0.0574509	1.2538
1314.28	1.43571	0.0574611	1.37825
1315.43	1.57478	0.0574714	1.51731
1316.58	1.7431	0.0574816	1.68562
1317.73	1.93327	0.0574917	1.87577
1318.89	2.17637	0.0575019	2.11887
1320.04	2.46472	0.057512	2.4072
1321.19	2.85483	0.0575221	2.79731
1322.34	3.41724	0.0575321	3.35971
1323.49	4.35419	0.0575421	4.29665
1324.64	5.88674	0.0575521	5.82919
1325.79	8.2686	0.0575621	8.21103
1326.95	11.7402	0.057572	11.6827
1328.1	16.6155	0.0575819	16.5579
1329.25	23.2544	0.0575918	23.1968
1330.4	33.0561	0.0576016	32.9985
1331.55	48.1842	0.0576114	48.1266
1332.7	64.9965	0.0576212	64.9389
1333.85	80.7167	0.0576309	80.6591
1334.99	93.1713	0.0576406	93.1136
1336.14	100.958	0.0576503	100.901
1337.29	103.753	0.05766	103.695
1338.44	102.617	0.0576696	102.559
1339.59	101.7	0.0576792	101.642
1340.74	102.989	0.0576888	102.931
1341.89	101.625	0.0576984	101.568
1343.03	96.532	0.0577079	96.4743
1344.18	87.58	0.0577174	87.5222
1345.33	75.4828	0.0577268	75.4251
1346.48	61.6097	0.0577363	61.5519
1347.62	47.9556	0.0577457	47.8979
1348.77	37.2099	0.0577551	37.1521
1349.92	29.2205	0.0577644	29.1627
1351.06	22.4976	0.0577738	22.4399
1352.21	16.8624	0.0577831	16.8046
1353.35	12.2571	0.0577923	12.1993
1354.5	8.66761	0.0578016	8.60981
1355.65	6.01793	0.0578108	5.96012
1356.79	4.20635	0.05782	4.14853
1357.94	3.11909	0.0578292	3.06126
1359.08	2.53268	0.0578383	2.47484
1360.22	2.19193	0.0578474	2.13408
1361.37	1.93082	0.0578565	1.87297
1362.51	1.70636	0.0578656	1.64849
1363.66	1.51843	0.0578746	1.46056
1364.8	1.36377	0.0578836	1.30589
1365.94	1.22728	0.0578926	1.16939
1367.09	1.11483	0.0579016	1.05693
1368.23	1.00873	0.0579105	0.950821
1369.37	0.921279	0.0579194	0.863359
1370.52	0.842454	0.0579283	0.784526
1371.66	0.773772	0.0579371	0.715835
1372.8	0.715897	0.057946	0.657951
1373.94	0.668288	0.0579548	0.610333
1375.08	0.632868	0.0579636	0.574905
1376.23	0.601721	0.0579723	0.543749
1377.37	0.575515	0.0579811	0.517534
1378.51	0.553203	0.0579898	0.495214
1379.65	0.525193	0.0579985	0.467194
1380.79	0.497767	0.0580071	0.43976
1381.93	0.47429	0.0580158	0.416274
1383.07	0.451034	0.0580244	0.39301
1384.21	0.428595	0.058033	0.370562
1385.35	0.414153	0.0580415	0.356112
1386.49	0.403049	0.0580501	0.344999
1387.63	0.389947	0.0580586	0.331888
1388.77	0.380246	0.0580671	0.322179
1389.91	0.37127	0.0580755	0.313194
1391.05	0.360454	0.058084	0.30237
1392.18	0.343624	0.0580924	0.285532
1393.32	0.324389	0.0581008	0.266288
1394.46	0.315378	0.0581092	0.257269
1395.6	0.305697	0.0581175	0.247579
1396.74	0.298763	0.0581259	0.240637
1397.87	0.298872	0.0581342	0.240738
1399.01	0.293876	0.0581425	0.235734
1400.15	0.288359	0.0581507	0.230208
1401.28	0.281625	0.058159	0.223466
1402.42	0.274981	0.0581672	0.216814
1403.56	0.267944	0.0581754	0.209768
1404.69	0.265365	0.0581835	0.207182
1405.83	0.264275	0.0581917	0.206084
1406.97	0.265853	0.0581998	0.207653
1408.1	0.263706	0.0582079	0.205498
1409.24	0.262182	0.058216	0.203966
1410.37	0.26722	0.0582241	0.208996
1411.51	0.260785	0.0582321	0.202553
1412.64	0.254946	0.0582401	0.196706
1413.78	0.252648	0.0582481	0.1944
1414.91	0.25141	0.0582561	0.193154
1416.04	0.252562	0.058264	0.194298
1417.18	0.250786	0.058272	0.192514
1418.31	0.251166	0.0582799	0.192886
1419.44	0.250585	0.0582878	0.192297
1420.58	0.241252	0.0582956	0.182956
1421.71	0.238127	0.0583035	0.179823
1422.84	0.236258	0.0583113	0.177946
1423.98	0.241191	0.0583191	0.182871
1425.11	0.247007	0.0583269	0.18868
1426.24	0.244353	0.0583347	0.186019
1427.37	0.243499	0.0583424	0.185157
1428.5	0.24014	0.0583501	0.18179
1429.64	0.237747	0.0583578	0.17939
1430.77	0.239079	0.0583655	0.180714
1431.9	0.235643	0.0583732	0.17727
1433.03	0.236525	0.0583808	0.178144
1434.16	0.23849	0.0583885	0.180102
1435.29	0.233191	0.0583961	0.174795
1436.42	0.232564	0.0584036	0.17416
1437.55	0.234298	0.0584112	0.175887
1438.68	0.239568	0.0584187	0.181149
1439.81	0.24362	0.0584263	0.185194
1440.94	0.243465	0.0584338	0.185031
1442.07	0.243384	0.0584412	0.184943
1443.2	0.242299	0.0584487	0.183851
1444.32	0.23801	0.0584562	0.179554
1445.45	0.236119	0.0584636	0.177655
1446.58	0.238128	0.058471	0.179657
1447.71	0.240446	0.0584784	0.181967
1448.84	0.234533	0.0584857	0.176047
1449.96	0.235871	0.0584931	0.177378
1451.09	0.238908	0.0585004	0.180408
1452.22	0.234622	0.0585077	0.176114
1453.35	0.232215	0.058515	0.1737
1454.47	0.235697	0.0585223	0.177175
1455.6	0.245522	0.0585295	0.186993
1456.73	0.243164	0.0585368	0.184627
1457.85	0.235806	0.058544	0.177262
1458.98	0.23821	0.0585512	0.179659
1460.1	0.23943	0.0585584	0.180871
1461.23	0.233635	0.0585655	0.175069
1462.35	0.232922	0.0585727	0.174349
1463.48	0.235675	0.0585798	0.177095
1464.6	0.241636	0.0585869	0.183049
1465.73	0.240316	0.058594	0.181722
1466.85	0.241725	0.0586011	0.183124
1467.98	0.248378	0.0586081	0.18977
1469.1	0.253592	0.0586152	0.194977
1470.22	0.254147	0.0586222	0.195524
1471.35	0.257513	0.0586292	0.198883
1472.47	0.255195	0.0586362	0.196559
1473.59	0.251227	0.0586431	0.192584
1474.72	0.245915	0.0586501	0.187265
1475.84	0.240782	0.058657	0.182125
1476.96	0.24031	0.0586639	0.181646
1478.08	0.242729	0.0586708	0.184058
1479.21	0.245363	0.0586777	0.186685
1480.33	0.255981	0.0586845	0.197297
1481.45	0.259881	0.0586914	0.201189
1482.57	0.266594	0.0586982	0.207895
1483.69	0.271792	0.058705	0.213087
1484.81	0.268762	0.0587118	0.21005
1485.93	0.268291	0.0587186	0.209572
1487.05	0.267295	0.0587253	0.20857
1488.17	0.268969	0.0587321	0.210237
1489.29	0.267439	0.0587388	0.2087
1490.41	0.264912	0.0587455	0.206167
1491.53	0.269797	0.0587522	0.211045
1492.65	0.271949	0.0587589	0.21319
1493.77	0.268805	0.0587655	0.210039
1494.89	0.270528	0.0587722	0.211756
1496.01	0.273771	0.0587788	0.214992
1497.13	0.279654	0.0587854	0.220869
1498.25	0.278239	0.058792	0.219447
1499.36	0.286582	0.0587986	0.227784
1500.48	0.288862	0.0588051	0.230057
1501.6	0.284071	0.0588117	0.22526
1502.72	0.283567	0.0588182	0.224748
1503.84	0.2825	0.0588247	0.223675
1504.95	0.281237	0.0588312	0.222406
1506.07	0.283163	0.0588377	0.224325
1507.19	0.280092	0.0588442	0.221248
1508.3	0.284268	0.0588506	0.225417
1509.42	0.280878	0.0588571	0.222021
1510.53	0.276581	0.0588635	0.217717
1511.65	0.282402	0.0588699	0.223532
1512.77	0.284379	0.0588763	0.225502
1513.88	0.284074	0.0588826	0.225192
1515	0.285578	0.058889	0.226689
1516.11	0.282891	0.0588953	0.223996
1517.23	0.282257	0.0589017	0.223356
1518.34	0.282779	0.058908	0.223871
1519.45	0.285276	0.0589143	0.226361
1520.57	0.291233	0.0589206	0.232312
1521.68	0.293261	0.0589268	0.234335
1522.8	0.294915	0.0589331	0.235981
1523.91	0.293128	0.0589393	0.234189
1525.02	0.293855	0.0589455	0.23491
1526.14	0.296204	0.0589517	0.237252
1527.25	0.298046	0.0589579	0.239088
1528.36	0.301497	0.0589641	0.242532
1529.47	0.300752	0.0589703	0.241781
1530.58	0.304825	0.0589764	0.245849
1531.7	0.306357	0.0589826	0.247374
1532.81	0.306672	0.0589887	0.247683
1533.92	0.311153	0.0589948	0.252158
1535.03	0.317652	0.0590009	0.258651
1536.14	0.322594	0.0590069	0.263587
1537.25	0.327078	0.059013	0.268065
1538.36	0.322149	0.059019	0.26313
1539.47	0.323995	0.0590251	0.26497
1540.58	0.324657	0.0590311	0.265626
1541.69	0.319092	0.0590371	0.260055
1542.8	0.319581	0.0590431	0.260538
1543.91	0.324832	0.0590491	0.265783
1545.02	0.330475	0.059055	0.27142
1546.13	0.340294	0.059061	0.281233
1547.24	0.339104	0.0590669	0.280037
1548.35	0.340179	0.0590728	0.281106
1549.46	0.338046	0.0590787	0.278967
1550.57	0.332032	0.0590846	0.272947
1551.67	0.33254	0.0590905	0.27345
1552.78	0.334244	0.0590964	0.275147
1553.89	0.339485	0.0591022	0.280383
1555	0.347168	0.0591081	0.28806
1556.1	0.346409	0.0591139	0.287295
1557.21	0.345203	0.0591197	0.286084
1558.32	0.340542	0.0591255	0.281417
1559.42	0.337449	0.0591313	0.278318
1560.53	0.333664	0.0591371	0.274527
1561.64	0.335747	0.0591428	0.276604
1562.74	0.337882	0.0591486	0.278734
1563.85	0.340859	0.0591543	0.281705
1564.95	0.345809	0.05916	0.286649
1566.06	0.351173	0.0591657	0.292008
1567.16	0.34839	0.0591714	0.289218
1568.27	0.347395	0.0591771	0.288218
1569.37	0.348158	0.0591828	0.288975
1570.48	0.345407	0.0591884	0.286218
1571.58	0.343276	0.0591941	0.284081
1572.69	0.341997	0.0591997	0.282797
1573.79	0.347162	0.0592053	0.287957
1574.89	0.352728	0.0592109	0.293517
1576	0.348896	0.0592165	0.28968
1577.1	0.351725	0.0592221	0.292503
1578.2	0.353295	0.0592277	0.294067
1579.3	0.350789	0.0592332	0.291556
1580.41	0.35611	0.0592387	0.296871
1581.51	0.357962	0.0592443	0.298718
1582.61	0.365972	0.0592498	0.306722
1583.71	0.366129	0.0592553	0.306873
1584.81	0.360213	0.0592608	0.300952
1585.92	0.359859	0.0592663	0.300593
1587.02	0.359492	0.0592717	0.30022
1588.12	0.358118	0.0592772	0.298841
1589.22	0.363959	0.0592826	0.304676
1590.32	0.361257	0.0592881	0.301969
1591.42	0.363475	0.0592935	0.304181
1592.52	0.362125	0.0592989	0.302826
1593.62	0.366665	0.0593043	0.30736
1594.72	0.372628	0.0593096	0.313319
1595.82	0.374269	0.059315	0.314954
1596.92	0.371488	0.0593204	0.312167
1598.02	0.372031	0.0593257	0.312706
1599.12	0.369746	0.0593311	0.310415
1600.21	0.372177	0.0593364	0.312841
1601.31	0.376997	0.0593417	0.317655
1602.41	0.37798	0.059347	0.318633
1603.51	0.380502	0.0593523	0.32115
1604.61	0.379266	0.0593575	0.319908
1605.7	0.376307	0.0593628	0.316944
1606.8	0.37859	0.0593681	0.319222
1607.9	0.385412	0.0593733	0.326038
1609	0.384138	0.0593785	0.32476
1610.09	0.382277	0.0593838	0.322893
1611.19	0.376904	0.059389	0.317515
1612.28	0.376472	0.0593942	0.317078
1613.38	0.374739	0.0593993	0.315339
1614.48	0.376351	0.0594045	0.316947
1615.57	0.377474	0.0594097	0.318065
1616.67	0.384922	0.0594148	0.325508
1617.76	0.386844	0.05942	0.327424
1618.86	0.395421	0.0594251	0.335996
1619.95	0.399047	0.0594302	0.339617
1621.05	0.399899	0.0594353	0.340464
1622.14	0.405013	0.0594404	0.345572
1623.23	0.40356	0.0594455	0.344114
1624.33	0.397892	0.0594506	0.338442
1625.42	0.399054	0.0594556	0.339598
1626.52	0.40018	0.0594607	0.340719
1627.61	0.399105	0.0594657	0.33964
1628.7	0.399942	0.0594707	0.340471
1629.79	0.400917	0.0594758	0.341441
1630.89	0.405582	0.0594808	0.346101
1631.98	0.407774	0.0594858	0.348288
1633.07	0.411709	0.0594907	0.352218
1634.16	0.413864	0.0594957	0.354368
1635.26	0.412111	0.0595007	0.35261
1636.35	0.407006	0.0595056	0.347501
1637.44	0.409989	0.0595106	0.350479
1638.53	0.407874	0.0595155	0.348359
1639.62	0.407117	0.0595204	0.347597
1640.71	0.413103	0.0595254	0.353578
1641.8	0.423415	0.0595303	0.363885
1642.89	0.424777	0.0595351	0.365242
1643.98	0.427016	0.05954	0.367476
1645.07	0.429938	0.0595449	0.370393
1646.16	0.429338	0.0595498	0.369789
1647.25	0.42464	0.0595546	0.365085
1648.34	0.424022	0.0595594	0.364462
1649.43	0.419049	0.0595643	0.359484
1650.52	0.424125	0.0595691	0.364556
1651.6	0.424152	0.0595739	0.364578
1652.69	0.424852	0.0595787	0.365273
1653.78	0.427282	0.0595835	0.367699
1654.87	0.42581	0.0595883	0.366222
1655.96	0.42518	0.059593	0.365587
1657.04	0.431045	0.0595978	0.371447
1658.13	0.431455	0.0596025	0.371853
1659.22	0.439974	0.0596073	0.380367
1660.3	0.449002	0.059612	0.38939
1661.39	0.447877	0.0596167	0.38826
1662.48	0.446224	0.0596214	0.386603
1663.56	0.436533	0.0596261	0.376907
1664.65	0.430494	0.0596308	0.370863
1665.74	0.429049	0.0596355	0.369414
1666.82	0.431846	0.0596402	0.372205
1667.91	0.433609	0.0596448	0.373964
1668.99	0.443481	0.0596495	0.383832
1670.08	0.443238	0.0596541	0.383584
1671.16	0.444653	0.0596588	0.384994
1672.24	0.441109	0.0596634	0.381445
1673.33	0.441324	0.059668	0.381656
1674.41	0.443005	0.0596726	0.383333
1675.5	0.446998	0.0596772	0.38732
1676.58	0.450921	0.0596818	0.391239
1677.66	0.452233	0.0596864	0.392546
1678.75	0.45163	0.0596909	0.39194
1679.83	0.452948	0.0596955	0.393252
1680.91	0.450544	0.0597	0.390844
1681.99	0.455511	0.0597046	0.395806
1683.08	0.458844	0.0597091	0.399135
1684.16	0.461138	0.0597136	0.401425
1685.24	0.465611	0.0597181	0.405893
1686.32	0.459153	0.0597226	0.39943
1687.4	0.457471	0.0597271	0.397743
1688.48	0.451537	0.0597316	0.391806
1689.57	0.443147	0.0597361	0.383411
1690.65	0.448027	0.0597405	0.388286
1691.73	0.451683	0.059745	0.391938
1692.81	0.457412	0.0597494	0.397663
1693.89	0.463203	0.0597539	0.403449
1694.97	0.460068	0.0597583	0.400309
1696.05	0.455812	0.0597627	0.396049
1697.13	0.452946	0.0597671	0.393179
1698.21	0.451582	0.0597715	0.39181
1699.28	0.4565	0.0597759	0.396724
1700.36	0.469702	0.0597803	0.409922
1701.44	0.476976	0.0597847	0.417192
1702.52	0.480707	0.0597891	0.420918
1703.6	0.481939	0.0597934	0.422145
1704.68	0.47827	0.0597978	0.418472
1705.75	0.476248	0.0598021	0.416446
1706.83	0.470476	0.0598064	0.41067
1707.91	0.464544	0.0598108	0.404734
1708.99	0.467422	0.0598151	0.407606
1710.06	0.464618	0.0598194	0.404799
1711.14	0.470703	0.0598237	0.410879
1712.22	0.479354	0.059828	0.419526
1713.29	0.490724	0.0598322	0.430891
1714.37	0.491637	0.0598365	0.4318
1715.44	0.488344	0.0598408	0.428503
1716.52	0.485282	0.059845	0.425437
1717.6	0.48446	0.0598493	0.424611
1718.67	0.485264	0.0598535	0.42541
1719.75	0.487687	0.0598577	0.427829
1720.82	0.492849	0.059862	0.432987
1721.89	0.503332	0.0598662	0.443466
1722.97	0.503003	0.0598704	0.443133
1724.04	0.504705	0.0598746	0.44483
1725.12	0.506705	0.0598788	0.446826
1726.19	0.506713	0.0598829	0.446831
1727.26	0.504697	0.0598871	0.444809
1728.34	0.504407	0.0598913	0.444516
1729.41	0.509387	0.0598954	0.449491
1730.48	0.508515	0.0598996	0.448615
1731.56	0.507039	0.0599037	0.447135
1732.63	0.507037	0.0599078	0.447129
1733.7	0.511804	0.059912	0.451892
1734.77	0.51242	0.0599161	0.452504
1735.84	0.51156	0.0599202	0.451639
1736.91	0.514114	0.0599243	0.45419
1737.99	0.516427	0.0599284	0.456498
1739.06	0.516455	0.0599325	0.456523
1740.13	0.514895	0.0599365	0.454958
1741.2	0.515075	0.0599406	0.455135
1742.27	0.518245	0.0599447	0.4583
1743.34	0.515588	0.0599487	0.455639
1744.41	0.513392	0.0599528	0.453439
1745.48	0.510037	0.0599568	0.45008
1746.55	0.511011	0.0599608	0.451051
1747.62	0.51554	0.0599648	0.455575
1748.69	0.515409	0.0599689	0.45544
1749.76	0.516956	0.0599729	0.456983
1750.82	0.515841	0.0599769	0.455864
1751.89	0.512106	0.0599808	0.452126
1752.96	0.514394	0.0599848	0.454409
1754.03	0.515565	0.0599888	0.455577
1755.1	0.5197	0.0599928	0.459707
1756.17	0.524304	0.0599967	0.464307
1757.23	0.527443	0.0600007	0.467442
1758.3	0.52985	0.0600046	0.469846
1759.37	0.529793	0.0600086	0.469784
1760.43	0.527534	0.0600125	0.467521
1761.5	0.525341	0.0600164	0.465325
1762.57	0.525545	0.0600203	0.465525
1763.63	0.522283	0.0600242	0.462259
1764.7	0.513808	0.0600281	0.45378
1765.76	0.513496	0.060032	0.453464
1766.83	0.516798	0.0600359	0.456762
1767.89	0.524307	0.0600398	0.464267
1768.96	0.529252	0.0600436	0.469208
1770.02	0.530625	0.0600475	0.470577
1771.09	0.530137	0.0600514	0.470086
1772.15	0.529399	0.0600552	0.469344
1773.22	0.524056	0.060059	0.463997
1774.28	0.521905	0.0600629	0.461842
1775.35	0.528163	0.0600667	0.468096
1776.41	0.536513	0.0600705	0.476443
1777.47	0.545913	0.0600743	0.485839
1778.54	0.548599	0.0600781	0.488521
1779.6	0.54557	0.0600819	0.485488
1780.66	0.544239	0.0600857	0.484153
1781.72	0.540869	0.0600895	0.480779
1782.79	0.535795	0.0600933	0.475702
1783.85	0.541798	0.060097	0.481701
1784.91	0.544647	0.0601008	0.484547
1785.97	0.547539	0.0601046	0.487434
1787.03	0.546533	0.0601083	0.486425
1788.09	0.548472	0.0601121	0.48836
1789.16	0.542976	0.0601158	0.48286
1790.22	0.542892	0.0601195	0.482772
1791.28	0.54224	0.0601232	0.482117
1792.34	0.544574	0.0601269	0.484447
1793.4	0.545666	0.0601307	0.485536
1794.46	0.550544	0.0601344	0.49041
1795.52	0.552415	0.060138	0.492277
1796.58	0.554761	0.0601417	0.49462
1797.64	0.554688	0.0601454	0.494543
1798.69	0.555041	0.0601491	0.494892
1799.75	0.553773	0.0601527	0.493621
1800.81	0.556475	0.0601564	0.496318
1801.87	0.563052	0.0601601	0.502892
1802.93	0.573218	0.0601637	0.513054
1803.99	0.570792	0.0601673	0.510625
1805.04	0.568475	0.060171	0.508304
1806.1	0.570581	0.0601746	0.510406
1807.16	0.569345	0.0601782	0.509167
1808.22	0.56356	0.0601818	0.503379
1809.27	0.565397	0.0601854	0.505212
1810.33	0.566252	0.060189	0.506063
1811.39	0.56478	0.0601926	0.504587
1812.44	0.558641	0.0601962	0.498445
1813.5	0.563691	0.0601998	0.503492
1814.55	0.563175	0.0602034	0.502972
1815.61	0.564794	0.0602069	0.504587
1816.67	0.561675	0.0602105	0.501464
1817.72	0.563153	0.060214	0.502939
1818.78	0.561879	0.0602176	0.501661
1819.83	0.564826	0.0602211	0.504605
1820.88	0.56631	0.0602246	0.506085
1821.94	0.575343	0.0602282	0.515115
1822.99	0.575778	0.0602317	0.515547
1824.05	0.576245	0.0602352	0.51601
1825.1	0.575315	0.0602387	0.515076
1826.15	0.567596	0.0602422	0.507354
1827.21	0.566709	0.0602457	0.506463
1828.26	0.568635	0.0602492	0.508386
1829.31	0.569379	0.0602527	0.509127
1830.37	0.575003	0.0602562	0.514747
1831.42	0.579469	0.0602596	0.51921
1832.47	0.574371	0.0602631	0.514108
1833.52	0.572956	0.0602666	0.51269
1834.57	0.562188	0.06027	0.501918
1835.63	0.557319	0.0602735	0.497045
1836.68	0.558149	0.0602769	0.497872
1837.73	0.560709	0.0602803	0.500429
1838.78	0.56188	0.0602838	0.501597
1839.83	0.568836	0.0602872	0.508549
1840.88	0.570732	0.0602906	0.510441
1841.93	0.571285	0.060294	0.510991
1842.98	0.569331	0.0602974	0.509034
1844.03	0.56626	0.0603008	0.505959
1845.08	0.566191	0.0603042	0.505887
1846.13	0.563157	0.0603076	0.502849
1847.18	0.557987	0.0603109	0.497676
1848.23	0.562548	0.0603143	0.502234
1849.28	0.571134	0.0603177	0.510816
1850.32	0.570365	0.060321	0.510044
1851.37	0.573151	0.0603244	0.512826
1852.42	0.570756	0.0603277	0.510428
1853.47	0.568835	0.0603311	0.508504
1854.52	0.565056	0.0603344	0.504721
1855.56	0.56498	0.0603378	0.504642
1856.61	0.56373	0.0603411	0.503389
1857.66	0.563859	0.0603444	0.503515
1858.7	0.560696	0.0603477	0.500348
1859.75	0.559041	0.060351	0.49869
1860.8	0.555849	0.0603543	0.495494
1861.84	0.566086	0.0603576	0.505728
1862.89	0.570901	0.0603609	0.51054
1863.94	0.577797	0.0603642	0.517433
1864.98	0.5749	0.0603675	0.514533
1866.03	0.573694	0.0603707	0.513323
1867.07	0.574545	0.060374	0.514171
1868.12	0.573605	0.0603773	0.513228
1869.16	0.565981	0.0603805	0.505601
1870.2	0.572825	0.0603838	0.512441
1871.25	0.573339	0.060387	0.512952
1872.29	0.57004	0.0603903	0.50965
1873.34	0.568816	0.0603935	0.508422
1874.38	0.572394	0.0603967	0.511997
1875.42	0.576334	0.0604	0.515934
1876.47	0.580181	0.0604032	0.519778
1877.51	0.570721	0.0604064	0.510314
1878.55	0.567287	0.0604096	0.506878
1879.6	0.560971	0.0604128	0.500558
1880.64	0.555112	0.060416	0.494696
1881.68	0.554229	0.0604192	0.49381
1882.72	0.562006	0.0604224	0.501584
1883.76	0.565226	0.0604255	0.5048
1884.8	0.570822	0.0604287	0.510394
1885.85	0.566317	0.0604319	0.505885
1886.89	0.569089	0.060435	0.508654
1887.93	0.565124	0.0604382	0.504686
1888.97	0.568804	0.0604413	0.508363
1890.01	0.564736	0.0604445	0.504291
1891.05	0.570232	0.0604476	0.509784
1892.09	0.569829	0.0604508	0.509378
1893.13	0.570486	0.0604539	0.510032
1894.17	0.564083	0.060457	0.503626
1895.21	0.568325	0.0604601	0.507865
1896.25	0.562822	0.0604632	0.502359
1897.28	0.559598	0.0604663	0.499132
1898.32	0.551755	0.0604695	0.491286
1899.36	0.557148	0.0604725	0.496676
1900.4	0.559358	0.0604756	0.498882
1901.44	0.559057	0.0604787	0.498578
1902.48	0.560305	0.0604818	0.499823
1903.51	0.564692	0.0604849	0.504207
1904.55	0.56026	0.060488	0.499772
1905.59	0.554417	0.060491	0.493926
1906.62	0.557897	0.0604941	0.497403
1907.66	0.559934	0.0604971	0.499437
1908.7	0.558513	0.0605002	0.498012
1909.73	0.560978	0.0605032	0.500475
1910.77	0.558849	0.0605063	0.498343
1911.81	0.557892	0.0605093	0.497382
1912.84	0.556365	0.0605123	0.495852
1913.88	0.556597	0.0605154	0.496082
1914.91	0.559058	0.0605184	0.49854
1915.95	0.555915	0.0605214	0.495394
1916.98	0.553089	0.0605244	0.492565
1918.02	0.551376	0.0605274	0.490849
1919.05	0.54229	0.0605304	0.481759
1920.08	0.542704	0.0605334	0.48217
1921.12	0.544385	0.0605364	0.483849
1922.15	0.553142	0.0605394	0.492603
1923.19	0.557307	0.0605424	0.496765
1924.22	0.56098	0.0605453	0.500435
1925.25	0.561456	0.0605483	0.500908
1926.29	0.56514	0.0605513	0.504589
1927.32	0.563646	0.0605542	0.503092
1928.35	0.560927	0.0605572	0.50037
1929.38	0.560171	0.0605601	0.499611
1930.41	0.561244	0.0605631	0.500681
1931.45	0.556926	0.060566	0.49636
1932.48	0.555174	0.060569	0.494605
1933.51	0.549107	0.0605719	0.488535
1934.54	0.546757	0.0605748	0.486182
1935.57	0.546155	0.0605777	0.485578
1936.6	0.549052	0.0605806	0.488471
1937.63	0.554017	0.0605836	0.493433
1938.66	0.556317	0.0605865	0.495731
1939.69	0.558283	0.0605894	0.497693
1940.72	0.560788	0.0605923	0.500196
1941.75	0.552731	0.0605952	0.492136
1942.78	0.548994	0.060598	0.488396
1943.81	0.549195	0.0606009	0.488594
1944.84	0.551488	0.0606038	0.490884
1945.87	0.552666	0.0606067	0.492059
1946.9	0.548336	0.0606095	0.487726
1947.92	0.545941	0.0606124	0.485329
1948.95	0.545368	0.0606153	0.484752
1949.98	0.543	0.0606181	0.482382
1951.01	0.541588	0.060621	0.480967
1952.04	0.545433	0.0606238	0.48481
1953.06	0.543441	0.0606266	0.482815
1954.09	0.537941	0.0606295	0.477311
1955.12	0.526767	0.0606323	0.466135
1956.14	0.5228	0.0606351	0.462165
1957.17	0.525523	0.060638	0.464885
1958.2	0.531049	0.0606408	0.470408
1959.22	0.538154	0.0606436	0.47751
1960.25	0.549331	0.0606464	0.488685
1961.27	0.55022	0.0606492	0.489571
1962.3	0.546296	0.060652	0.485644
1963.32	0.537597	0.0606548	0.476942
1964.35	0.535249	0.0606576	0.474591
1965.37	0.538611	0.0606604	0.477951
1966.4	0.53768	0.0606632	0.477016
1967.42	0.54397	0.0606659	0.483304
1968.45	0.545195	0.0606687	0.484527
1969.47	0.545611	0.0606715	0.48494
1970.49	0.543551	0.0606742	0.482877
1971.52	0.536591	0.060677	0.475914
1972.54	0.53348	0.0606797	0.4728
1973.56	0.531838	0.0606825	0.471156
1974.59	0.527819	0.0606852	0.467134
1975.61	0.529066	0.060688	0.468378
1976.63	0.533707	0.0606907	0.473017
1977.65	0.537483	0.0606934	0.47679
1978.67	0.535975	0.0606962	0.475279
1979.7	0.532668	0.0606989	0.471969
1980.72	0.528248	0.0607016	0.467546
1981.74	0.52178	0.0607043	0.461076
1982.76	0.520936	0.060707	0.460229
1983.78	0.525013	0.0607097	0.464303
1984.8	0.529862	0.0607124	0.46915
1985.82	0.533024	0.0607151	0.472309
1986.84	0.530849	0.0607178	0.470131
1987.86	0.532587	0.0607205	0.471866
1988.88	0.524084	0.0607232	0.46336
1989.9	0.519206	0.0607259	0.458481
1990.92	0.51746	0.0607286	0.456731
1991.94	0.522938	0.0607312	0.462207
1992.96	0.524602	0.0607339	0.463868
1993.98	0.524613	0.0607366	0.463876
1995	0.523646	0.0607392	0.462907
1996.01	0.525867	0.0607419	0.465125
1997.03	0.519148	0.0607445	0.458404
1998.05	0.515068	0.0607472	0.45432
1999.07	0.514384	0.0607498	0.453634
2000.08	0.521181	0.0607525	0.460428
2001.1	0.526777	0.0607551	0.466022
2002.12	0.525157	0.0607577	0.464399
2003.13	0.525698	0.0607603	0.464937
2004.15	0.523401	0.060763	0.462638
2005.17	0.52045	0.0607656	0.459685
2006.18	0.512659	0.0607682	0.451891
2007.2	0.510065	0.0607708	0.449294
2008.22	0.506739	0.0607734	0.445966
2009.23	0.504848	0.060776	0.444072
2010.25	0.503161	0.0607786	0.442383
2011.26	0.503402	0.0607812	0.442621
2012.28	0.501115	0.0607838	0.440331
2013.29	0.504899	0.0607864	0.444113
2014.3	0.506522	0.060789	0.445733
2015.32	0.503766	0.0607915	0.442975
2016.33	0.502509	0.0607941	0.441715
2017.35	0.498244	0.0607967	0.437447
2018.36	0.495121	0.0607992	0.434322
2019.37	0.495648	0.0608018	0.434846
2020.39	0.494348	0.0608044	0.433544
2021.4	0.49503	0.0608069	0.434223
2022.41	0.498639	0.0608095	0.43783
2023.42	0.495386	0.060812	0.434574
2024.44	0.497119	0.0608145	0.436305
2025.45	0.486762	0.0608171	0.425944
2026.46	0.48283	0.0608196	0.42201
2027.47	0.484883	0.0608221	0.424061
2028.48	0.486267	0.0608247	0.425443
2029.49	0.488145	0.0608272	0.427318
2030.51	0.493523	0.0608297	0.432693
2031.52	0.496106	0.0608322	0.435273
2032.53	0.498068	0.0608347	0.437234
2033.54	0.486101	0.0608372	0.425263
2034.55	0.485436	0.0608397	0.424596
2035.56	0.485054	0.0608422	0.424212
2036.57	0.476494	0.0608447	0.415649
2037.58	0.470415	0.0608472	0.409568
2038.58	0.463705	0.0608497	0.402856
2039.59	0.465757	0.0608522	0.404904
2040.6	0.463565	0.0608547	0.40271
2041.61	0.460787	0.0608571	0.39993
2042.62	0.469052	0.0608596	0.408192
2043.63	0.473752	0.0608621	0.41289
2044.64	0.470115	0.0608645	0.40925
2045.64	0.468014	0.060867	0.407147
2046.65	0.463639	0.0608695	0.40277
2047.66	0.460562	0.0608719	0.39969
2048.66	0.453611	0.0608744	0.392736
2049.67	0.453171	0.0608768	0.392294
2050.68	0.455093	0.0608793	0.394214
2051.68	0.453477	0.0608817	0.392595
2052.69	0.45329	0.0608841	0.392406
2053.7	0.454632	0.0608866	0.393746
2054.7	0.453312	0.060889	0.392423
2055.71	0.451073	0.0608914	0.390182
2056.71	0.444392	0.0608938	0.383498
2057.72	0.44296	0.0608962	0.382064
2058.72	0.435861	0.0608987	0.374962
2059.73	0.427404	0.0609011	0.366503
2060.73	0.424399	0.0609035	0.363496
2061.74	0.423644	0.0609059	0.362738
2062.74	0.42254	0.0609083	0.361632
2063.74	0.426614	0.0609107	0.365703
2064.75	0.424278	0.060913	0.363365
2065.75	0.426249	0.0609154	0.365333
2066.75	0.424741	0.0609178	0.363823
2067.76	0.424473	0.0609202	0.363553
2068.76	0.420495	0.0609226	0.359572
2069.76	0.423182	0.0609249	0.362257
2070.77	0.424299	0.0609273	0.363372
2071.77	0.42326	0.0609297	0.36233
2072.77	0.417198	0.060932	0.356266
2073.77	0.409485	0.0609344	0.348551
2074.77	0.404698	0.0609368	0.343761
2075.77	0.40248	0.0609391	0.341541
2076.77	0.396482	0.0609415	0.33554
2077.78	0.399854	0.0609438	0.33891
2078.78	0.397048	0.0609461	0.336102
2079.78	0.397162	0.0609485	0.336214
2080.78	0.395897	0.0609508	0.334947
2081.78	0.394524	0.0609531	0.33357
2082.78	0.397455	0.0609555	0.336499
2083.78	0.39697	0.0609578	0.336012
2084.78	0.390983	0.0609601	0.330023
2085.77	0.387363	0.0609624	0.326401
2086.77	0.381515	0.0609647	0.32055
2087.77	0.38126	0.060967	0.320293
2088.77	0.379637	0.0609694	0.318667
2089.77	0.38182	0.0609717	0.320849
2090.77	0.380524	0.060974	0.319551
2091.76	0.381707	0.0609763	0.320731
2092.76	0.380515	0.0609785	0.319536
2093.76	0.378844	0.0609808	0.317863
2094.76	0.376693	0.0609831	0.31571
2095.75	0.374064	0.0609854	0.313078
