159.86975	161.1869
161.22075	155.90607
162.57153	150.99687
163.9221	146.45929
165.27245	142.29332
166.62259	139.94357
167.97252	139.33846
169.32223	134.49963
170.67172	130.35638
172.021	129.47724
173.37006	123.04693
174.71891	121.87208
176.06755	116.45052
177.41597	108.95542
178.76417	104.93078
180.11216	102.37229
181.45994	101.16593
182.8075	100.27853
184.15484	96.82552
185.50197	95.00748
186.84889	87.80421
188.19559	78.4942
189.54208	70.64745
190.88835	64.09368
192.2344	61.22826
193.58025	55.32249
194.92587	50.25804
196.27129	47.59191
197.61648	41.87821
198.96146	32.97264
200.30623	27.63854
201.65078	23.912
202.99512	25.20715
204.33925	20.75632
205.68315	23.13382
207.02685	23.88366
208.37033	22.39113
209.71359	17.51048
211.05664	13.74388
212.39947	11.26736
213.74209	12.59465
215.0845	10.95951
216.42669	12.38214
217.76866	11.37912
219.11042	10.55365
220.45197	7.734
221.7933	4.19578
223.13441	0.16122
224.47531	0.64475
225.816	-2.72594
227.15647	-0.79931
228.49672	2.08119
229.83677	3.74961
231.17659	3.05445
232.5162	5.59022
233.8556	4.39299
235.19478	2.07748
236.53375	-3.78776
237.8725	-3.88239
239.21104	-3.4647
240.54936	-3.25909
241.88747	-6.46324
243.22536	-6.62693
244.56304	-7.24657
245.9005	-3.30194
247.23775	-1.18988
248.57479	3.22094
249.9116	7.13829
251.24821	6.84069
252.5846	5.5316
253.92077	0.93395
255.25673	-0.71993
256.59247	0.50359
257.928	1.48906
259.26332	2.11239
260.59842	1.81224
261.9333	0.4602
263.26797	2.33909
264.60243	-0.91041
265.93667	0.12442
267.2707	2.02943
268.60451	4.31111
269.9381	8.05171
271.27149	10.46913
272.60465	15.83753
273.9376	20.95346
275.27034	20.12283
276.60286	23.21289
277.93517	23.56129
279.26726	23.55187
280.59914	24.23803
281.9308	21.38889
283.26225	24.39261
284.59348	26.00965
285.9245	25.08994
287.2553	26.12267
288.58589	25.61865
289.91627	27.74382
291.24643	26.55592
292.57637	27.71294
293.9061	32.17592
295.23561	34.13246
296.56491	32.4599
297.894	33.17845
299.22287	35.17121
300.55152	36.82203
301.87996	36.59267
303.20819	39.78471
304.5362	41.39527
305.86399	41.54124
307.19158	39.73776
308.51894	41.24313
309.84609	42.34884
311.17303	41.77783
312.49975	43.05968
313.82626	44.32282
315.15255	45.90059
316.47863	47.90553
317.80449	51.03174
319.13014	53.14789
320.45557	52.62628
321.78079	49.77861
323.10579	47.37687
324.43058	46.30274
325.75515	45.72506
327.07951	46.71452
328.40365	47.75021
329.72758	45.26502
331.05129	46.32822
332.37479	45.29768
333.69808	43.72029
335.02115	46.44597
336.344	46.4834
337.66664	48.99562
338.98907	47.31885
340.31128	45.60029
341.63327	49.40992
342.95505	49.18496
344.27662	49.99324
345.59797	51.56925
346.9191	48.4036
348.24002	46.72718
349.56073	44.44908
350.88122	46.73668
352.2015	49.37065
353.52156	51.31492
354.84141	55.12792
356.16104	57.22813
357.48046	54.60256
358.79966	51.43302
360.11864	48.68056
361.43742	50.14172
362.75598	49.56973
364.07432	50.37009
365.39245	53.03919
366.71036	58.38654
368.02806	61.46843
369.34554	62.03955
370.66281	62.61648
371.97986	61.86447
373.2967	60.3073
374.61333	56.73143
375.92974	56.02718
377.24593	57.47593
378.56191	58.60295
379.87768	58.78773
381.19323	60.70128
382.50856	61.26712
383.82368	61.49389
385.13859	60.45521
386.45328	61.36463
387.76776	61.47034
389.08202	63.04652
390.39606	64.76993
391.70989	66.76901
393.02351	67.53437
394.33691	64.55087
395.6501	64.36539
396.96307	64.913
398.27583	65.07683
399.58837	68.02569
400.9007	69.64849
402.21281	72.20352
403.52471	75.38485
404.83639	75.55758
406.14786	76.98
407.45911	78.03883
408.77015	79.25499
410.08098	79.62128
411.39159	78.55327
412.70198	77.46511
414.01216	77.49388
415.32212	76.36686
416.63187	77.34955
417.94141	80.03792
419.25073	83.59647
420.55983	87.2604
421.86872	89.02973
423.1774	90.49607
424.48586	94.00142
425.79411	93.7074
427.10214	94.16235
428.40995	95.98098
429.71755	95.47932
431.02494	96.71507
432.33211	95.17166
433.63907	96.41617
434.94581	99.68382
436.25234	98.05686
437.55865	98.49344
438.86475	99.59818
440.17063	98.2008
441.4763	98.84387
442.78175	97.88671
444.08699	99.81127
445.39201	103.43862
446.69682	106.36039
448.00141	110.17254
449.30579	112.08575
450.60996	111.27318
451.91391	113.57033
453.21764	112.18065
454.52116	114.21094
455.82446	116.78962
457.12755	119.02347
458.43043	122.05535
459.73309	123.40041
461.03553	123.73398
462.33777	126.65778
463.63978	128.30169
464.94158	130.81433
466.24317	132.41361
467.54454	134.69835
468.84569	135.10292
470.14664	137.49311
471.44736	141.42879
472.74787	145.91287
474.04817	152.25847
475.34825	154.20008
476.64812	154.3553
477.94777	155.68517
479.24721	153.85636
480.54643	156.39846
481.84544	158.99687
483.14423	164.00804
484.44281	168.57914
485.74118	170.99733
487.03932	173.78353
488.33726	177.20471
489.63498	179.81496
490.93248	180.13234
492.22977	183.78887
493.52685	185.89134
494.8237	187.0054
496.12035	188.65341
497.41678	189.73583
498.71299	191.65956
500.00899	194.63528
501.30478	198.58653
502.60035	205.39064
503.89571	209.28715
505.19085	214.80708
506.48577	216.86531
507.78048	217.35071
509.07498	222.04972
510.36926	226.12829
511.66333	232.88657
512.95718	238.1485
514.25082	245.79288
515.54424	254.03182
516.83745	263.55797
518.13044	275.14621
519.42322	290.37231
520.71578	303.69082
522.00813	324.39176
523.30026	347.49391
524.59218	372.61199
525.88388	401.19042
527.17537	431.5438
528.46665	460.66924
529.75771	486.42099
531.04855	508.65763
532.33918	530.24786
533.62959	545.13251
534.91979	555.57997
536.20978	554.54986
537.49955	547.00608
538.7891	532.89237
540.07844	508.07885
541.36757	479.8296
542.65648	445.75788
543.94518	410.9676
545.23366	376.51214
546.52192	335.24576
547.80998	297.06457
549.09781	262.53422
550.38543	227.85241
551.67284	195.94698
552.96003	165.84391
554.24701	142.76542
555.53377	123.18481
556.82032	106.24927
558.10665	92.9285
559.39277	82.31918
560.67867	73.36359
561.96436	64.60718
563.24984	56.32124
564.53509	50.75829
565.82014	47.33104
567.10497	43.86198
568.38958	42.06974
569.67398	35.40742
570.95816	33.90244
572.24213	33.30948
573.52589	31.29377
574.80943	30.63165
576.09275	31.15572
577.37586	27.81837
578.65876	26.79997
579.94144	22.20731
581.2239	21.7489
582.50616	18.78692
583.78819	17.92168
585.07001	18.02907
586.35162	19.35584
587.63301	17.68266
588.91419	19.65167
590.19515	20.00023
591.4759	19.93904
592.75643	17.72493
594.03675	15.34781
595.31685	13.67926
596.59674	13.5158
597.87641	13.78818
599.15587	14.96537
600.43511	16.5481
601.71414	17.17127
602.99295	17.14948
604.27155	14.55486
605.54993	15.68756
606.8281	17.80733
608.10606	21.2547
609.3838	22.25768
610.66132	23.06158
611.93863	22.01992
613.21573	21.49491
614.49261	19.88048
615.76927	20.21127
617.04572	20.22753
618.32196	20.62479
619.59798	19.2905
620.87378	18.5551
622.14938	18.66391
623.42475	19.25906
624.69991	18.87591
625.97486	17.70781
627.24959	18.71147
628.52411	18.50018
629.79841	20.21679
631.0725	21.29996
632.34637	24.00512
633.62003	26.29331
634.89347	25.89467
636.1667	25.16419
637.43971	24.40923
638.71251	21.39025
639.98509	20.0957
641.25746	17.78245
642.52961	19.33215
643.80155	21.94396
645.07328	25.7766
646.34479	26.94117
647.61608	25.84605
648.88716	24.46816
650.15802	20.72667
651.42867	18.9405
652.69911	18.75467
653.96933	19.76081
655.23933	22.13208
656.50913	20.63759
657.7787	21.98298
659.04806	22.46839
660.31721	22.12845
661.58614	22.62695
662.85486	22.92059
664.12336	21.59667
665.39164	21.92215
666.65972	21.43527
667.92757	22.75075
669.19521	24.98114
670.46264	26.4973
671.72985	27.41321
672.99685	23.71445
674.26363	21.62037
675.5302	21.71247
676.79656	22.3573
678.06269	22.38746
679.32862	24.29356
680.59433	25.48255
681.85982	26.06408
683.1251	22.35129
684.39016	21.71935
685.65501	21.40492
686.91965	23.17857
688.18407	22.1918
689.44827	21.57882
690.71226	21.6441
691.97604	20.03699
693.2396	19.11246
694.50294	19.77096
695.76607	19.6171
697.02899	21.19056
698.29169	21.46104
699.55418	22.77053
700.81645	22.82466
702.0785	21.73886
703.34035	19.39626
704.60197	19.23408
705.86338	17.63184
707.12458	17.85937
708.38556	18.49532
709.64633	20.671
710.90688	21.01268
712.16722	23.74113
713.42734	22.76688
714.68725	22.78836
715.94695	21.69733
717.20642	22.56018
718.46569	20.99883
719.72474	17.25715
720.98357	15.49244
722.24219	16.87784
723.50059	16.44945
724.75878	16.90277
726.01676	16.80059
727.27452	16.90337
728.53206	14.78397
729.78939	13.53763
731.04651	14.65787
732.30341	14.52419
733.56009	13.81913
734.81657	14.46044
736.07282	15.90987
737.32886	14.27278
738.58469	15.09605
739.8403	14.97421
741.0957	14.19441
742.35088	12.3728
743.60585	9.78213
744.8606	8.70666
746.11513	11.21998
747.36946	10.98732
748.62356	12.38819
749.87746	10.40238
751.13114	11.13956
752.3846	9.2967
753.63785	9.2793
754.89088	7.1465
756.1437	9.19701
757.3963	9.81899
758.64869	10.64305
759.90087	10.18
761.15283	11.8512
762.40457	9.84567
763.6561	11.00037
764.90741	9.10606
766.15851	11.12377
767.4094	12.56145
768.66007	13.1377
769.91052	11.10362
771.16077	9.43898
772.41079	4.09908
773.6606	2.36384
774.9102	-0.40454
776.15958	0.35527
777.40875	2.68222
778.6577	3.31082
779.90643	4.91926
781.15496	6.36036
782.40326	6.89674
783.65136	8.14025
784.89923	6.78352
786.1469	7.09062
787.39434	7.02258
788.64158	5.47119
789.88859	4.99777
791.1354	2.9068
792.38199	3.51717
793.62836	1.95154
794.87452	1.32536
796.12046	1.79158
797.36619	1.2261
798.61171	-1.10556
799.857	-1.69691
801.10209	-2.58115
802.34696	-1.22579
803.59161	-1.42595
804.83605	-1.51494
806.08028	-0.54183
807.32429	-2.04487
808.56809	-2.68783
809.81167	-1.6785
811.05503	-1.53493
812.29818	-0.35667
813.54112	0.68599
814.78384	0.45742
816.02635	1.47709
817.26864	-1.00535
818.51072	1.17892
819.75258	-2.52132
820.99423	-4.33839
822.23566	-3.79033
823.47688	-1.04165
824.71788	-1.07069
825.95867	3.77188
827.19924	3.53658
828.4396	6.28113
829.67974	2.51635
830.91967	0.32161
832.15938	-3.09531
833.39888	-4.53816
834.63817	-5.81212
835.87724	-2.54058
837.11609	-3.23581
838.35473	-1.56013
839.59315	-1.02726
840.83136	-1.52753
842.06936	-4.16339
843.30714	-6.18593
844.5447	-6.70337
845.78206	-5.64068
847.01919	-4.16235
848.25611	-1.29869
849.49282	0.20283
850.72931	1.15605
851.96559	-1.80987
853.20165	-3.08021
854.43749	-5.0749
855.67313	-6.70733
856.90854	-8.72212
858.14375	-6.44826
859.37873	-6.65631
860.6135	-7.64641
861.84806	-8.1978
863.08241	-6.52258
864.31653	-9.44184
865.55045	-11.85455
866.78415	-11.44759
868.01763	-8.4071
869.2509	-9.3781
870.48395	-9.06767
871.71679	-7.51188
872.94941	-8.39472
874.18182	-10.33234
875.41402	-12.25837
876.646	-9.23485
877.87776	-6.83033
879.10931	-7.078
880.34065	-5.96776
881.57177	-6.83294
882.80267	-7.61725
884.03337	-8.56458
885.26384	-10.6071
886.4941	-8.13153
887.72415	-6.80599
888.95398	-9.0778
890.1836	-10.13022
891.413	-12.6761
892.64218	-11.63319
893.87116	-13.24102
895.09991	-13.35819
896.32846	-14.42191
897.55678	-15.7915
898.7849	-17.23319
900.01279	-15.60557
901.24048	-17.08179
902.46795	-13.44541
903.6952	-13.50163
904.92224	-11.44812
906.14906	-14.02372
907.37567	-15.0163
908.60206	-16.39122
909.82824	-14.99264
911.05421	-19.00671
912.27996	-16.62824
913.50549	-14.53255
914.73081	-13.27086
915.95592	-13.66857
917.18081	-12.95801
918.40548	-12.1666
919.62994	-8.31741
920.85419	-10.47251
922.07822	-10.61457
923.30204	-11.30203
924.52564	-12.69363
925.74902	-13.05344
926.97219	-13.37135
928.19515	-11.40638
929.41789	-5.93342
930.64042	-6.31468
931.86273	-7.57034
933.08483	-9.30936
934.30671	-10.75108
935.52838	-11.47268
936.74983	-13.0384
937.97107	-13.15673
939.19209	-11.10618
940.4129	-11.98055
941.6335	-10.53885
942.85387	-11.30779
944.07404	-11.66541
945.29399	-10.31881
946.51372	-9.7961
947.73324	-8.63122
948.95255	-8.57739
950.17163	-9.58124
951.39051	-9.69326
952.60917	-8.85286
953.82761	-10.53765
955.04585	-6.69715
956.26386	-5.47997
957.48166	-5.33201
958.69925	-6.89251
959.91662	-8.79351
961.13377	-9.85464
962.35072	-10.97921
963.56744	-12.51354
964.78395	-9.7751
966.00025	-10.69606
967.21633	-10.07728
968.4322	-6.99237
969.64785	-3.21044
970.86329	-2.71995
972.07851	-3.60315
973.29352	-3.87879
974.50831	-4.89609
975.72289	-4.44147
976.93725	-3.54237
978.1514	-0.84234
979.36534	1.256
980.57906	-0.85629
981.79256	-0.33794
983.00585	0.64943
984.21892	1.7826
985.43178	3.1034
986.64443	2.27419
987.85686	2.97316
989.06907	3.14548
990.28107	0.97442
991.49286	2.75002
992.70443	5.01051
993.91578	5.88722
995.12692	5.47393
996.33785	4.06934
997.54856	3.88126
998.75906	4.54171
999.96934	4.71015
1001.17941	6.60446
1002.38926	9.27516
1003.59889	11.20998
1004.80832	9.98756
1006.01752	10.77096
1007.22652	9.92381
1008.43529	9.82275
1009.64386	9.08537
1010.85221	8.29465
1012.06034	7.56748
1013.26826	4.83602
1014.47596	4.50721
1015.68345	5.95334
1016.89072	3.25954
1018.09778	3.16609
1019.30463	5.5229
1020.51125	5.31987
1021.71767	4.1977
1022.92387	2.92551
1024.12985	3.88569
1025.33562	2.24275
1026.54118	-1.72482
1027.74652	-0.16421
1028.95164	0.2738
1030.15656	0.62817
1031.36125	1.60019
1032.56573	2.86807
1033.77	2.33081
1034.97405	0.60889
1036.17789	-0.74357
1037.38151	-0.14504
1038.58491	-2.78312
1039.78811	-3.0402
1040.99108	-2.20343
1042.19385	-2.41279
1043.39639	-4.41863
1044.59873	-4.42299
1045.80084	-2.87895
1047.00275	-2.79374
1048.20443	-2.41123
1049.40591	-0.57267
1050.60717	1.56752
1051.80821	1.48698
1053.00904	-0.05527
1054.20965	1.01725
1055.41005	1.15763
1056.61024	-2.08577
1057.81021	-1.14298
1059.00996	1.97735
1060.2095	2.86397
1061.40882	4.80691
1062.60794	2.64889
1063.80683	2.40867
1065.00551	-1.07105
1066.20398	-6.06009
1067.40223	-6.12267
1068.60026	-3.98031
1069.79808	-3.6806
1070.99569	-1.77912
1072.19308	-3.53415
1073.39026	-2.77831
1074.58722	-5.94882
1075.78397	-6.91294
1076.9805	-4.83372
1078.17682	-4.03584
1079.37292	-3.704
1080.56881	-2.94931
1081.76448	-3.74724
1082.95994	-1.49461
1084.15518	-3.09042
1085.35021	-1.74246
1086.54502	-0.84323
1087.73962	-2.09401
1088.934	-1.64634
1090.12817	-1.72531
1091.32213	-3.85185
1092.51587	-4.35641
1093.70939	-4.51027
1094.9027	-3.59338
1096.0958	-1.95926
1097.28868	-1.97445
1098.48134	0.01908
1099.67379	0.2998
1100.86603	0.30785
1102.05805	-1.22085
1103.24985	0.32987
1104.44144	0.33229
1105.63282	0.87445
1106.82398	-1.85752
1108.01493	-0.84196
1109.20566	-1.72534
1110.39618	-0.59136
1111.58648	-1.15285
1112.77656	-0.16019
1113.96644	1.16442
1115.15609	2.94073
1116.34554	2.29285
1117.53476	4.41126
1118.72378	6.37675
1119.91258	7.02772
1121.10116	5.36128
1122.28953	3.48276
1123.47768	2.9434
1124.66562	3.11261
1125.85334	-0.44974
1127.04085	1.21018
1128.22815	7.29006
1129.41523	10.92555
1130.60209	11.29557
1131.78874	11.89653
1132.97518	11.5134
1134.1614	11.11301
1135.3474	8.75596
1136.53319	9.18972
1137.71877	11.06076
1138.90413	11.44123
1140.08927	11.58654
1141.2742	11.85743
1142.45892	11.12838
1143.64342	13.74858
1144.82771	15.46696
1146.01178	15.02665
1147.19564	14.64989
1148.37928	14.5156
1149.56271	16.33518
1150.74592	15.78396
1151.92892	16.75516
1153.1117	17.71341
1154.29427	16.32107
1155.47662	14.18563
1156.65876	14.57982
1157.84068	14.61764
1159.02239	14.69447
1160.20388	12.92863
1161.38516	15.5943
1162.56623	16.31774
1163.74708	17.04412
1164.92771	16.58872
1166.10813	17.56916
1167.28833	18.66798
1168.46832	18.83034
1169.6481	17.69404
1170.82766	18.1653
1172.00701	20.55147
1173.18614	22.06611
1174.36505	24.78716
1175.54375	27.16193
1176.72224	28.9278
1177.90051	28.60859
1179.07857	27.25191
1180.25641	23.83178
1181.43403	23.42902
1182.61145	21.91087
1183.78864	26.8401
1184.96563	29.92522
1186.14239	30.8026
1187.31895	30.94698
1188.49528	32.41897
1189.67141	32.46965
1190.84731	34.01101
1192.02301	35.30133
1193.19849	37.64798
1194.37375	37.79843
1195.5488	36.68197
1196.72363	39.14853
1197.89825	39.75944
1199.07266	40.55944
1200.24684	42.06511
1201.42082	45.30243
1202.59458	46.788
1203.76812	46.06727
1204.94145	47.71888
1206.11457	51.43114
1207.28747	51.52296
1208.46015	51.78944
1209.63263	52.11224
1210.80488	51.02961
1211.97692	52.73202
1213.14875	49.72019
1214.32036	51.9999
1215.49176	50.91025
1216.66294	52.69222
1217.8339	55.38766
1219.00466	58.89844
1220.17519	59.40062
1221.34552	62.38192
1222.51562	63.4383
1223.68552	66.30282
1224.85519	63.93218
1226.02466	65.76793
1227.19391	65.99334
1228.36294	70.53194
1229.53176	74.78775
1230.70036	76.23264
1231.86875	78.68913
1233.03692	79.07641
1234.20488	79.85623
1235.37263	80.62888
1236.54016	80.60649
1237.70747	82.36914
1238.87457	83.38004
1240.04146	82.73009
1241.20813	84.17254
1242.37458	85.49527
1243.54082	88.03883
1244.70685	91.07305
1245.87266	93.23432
1247.03826	94.22391
1248.20364	95.05049
1249.3688	97.62316
1250.53375	99.7471
1251.69849	101.6936
1252.86301	102.41792
1254.02732	103.93739
1255.19141	104.62718
1256.35529	106.14964
1257.51895	108.51052
1258.6824	110.84981
1259.84563	112.53836
1261.00865	115.5877
1262.17145	118.20564
1263.33404	121.08625
1264.49642	122.24108
1265.65857	123.21126
1266.82052	127.97513
1267.98225	131.94829
1269.14376	135.24473
1270.30506	138.62924
1271.46614	141.95031
1272.62701	145.2671
1273.78767	146.47716
1274.94811	145.17933
1276.10833	149.58429
1277.26834	153.73389
1278.42814	159.8085
1279.58772	165.39542
1280.74709	172.46436
1281.90624	180.17836
1283.06517	185.97179
1284.2239	189.26742
1285.3824	196.92385
1286.54069	202.72175
1287.69877	208.88622
1288.85663	213.09547
1290.01428	218.67129
1291.17171	226.98021
1292.32893	237.09004
1293.48593	251.7699
1294.64272	262.92024
1295.79929	273.35633
1296.95565	283.05943
1298.11179	295.74382
1299.26772	310.72263
1300.42344	331.09255
1301.57893	353.65298
1302.73422	379.76903
1303.88929	401.76102
1305.04414	428.6333
1306.19878	456.0352
1307.35321	488.76472
1308.50742	523.55489
1309.66141	565.66545
1310.81519	613.96654
1311.96876	668.12194
1313.12211	724.29614
1314.27524	791.76188
1315.42816	867.14975
1316.58087	958.38615
1317.73336	1061.46964
1318.88564	1193.24726
1320.0377	1349.55019
1321.18954	1561.01622
1322.34118	1865.87769
1323.49259	2373.76806
1324.6438	3204.50553
1325.79478	4495.62544
1326.94556	6377.47411
1328.09611	9020.15689
1329.24646	12618.88589
1330.39658	17932.04496
1331.5465	26132.45804
1332.6962	35245.78026
1333.84568	43767.1718
1334.99495	50518.31807
1336.144	54739.48027
1337.29284	56254.37123
1338.44146	55638.49024
1339.58987	55141.27019
1340.73807	55839.94629
1341.88605	55100.96876
1343.03381	52340.06776
1344.18136	47487.47705
1345.3287	40930.02781
1346.47582	33409.90473
1347.62272	26008.53062
1348.76941	20183.66883
1349.91589	15852.89078
1351.06215	12208.6842
1352.2082	9154.01303
1353.35403	6657.63772
1354.49964	4711.91759
1355.64505	3275.61886
1356.79023	2293.62609
1357.9352	1704.26252
1359.07996	1386.38818
1360.2245	1201.68128
1361.36883	1060.14614
1362.51294	938.47253
1363.65684	836.60271
1364.80052	752.76902
1365.94399	678.78242
1367.08725	617.82617
1368.23028	560.31297
1369.37311	512.90804
1370.51572	470.17994
1371.65811	432.94971
1372.80029	401.57812
1373.94225	375.7708
1375.084	356.57102
1376.22554	339.68732
1377.36686	325.48187
1378.50796	313.38758
1379.64885	298.20388
1380.78953	283.33768
1381.92999	270.61151
1383.07023	258.00515
1384.21027	245.84185
1385.35008	238.01336
1386.48968	231.99446
1387.62907	224.8919
1388.76824	219.63355
1389.9072	214.76775
1391.04594	208.90488
1392.18447	199.78232
1393.32278	189.35534
1394.46087	184.47097
1395.59876	179.22302
1396.73642	175.46429
1397.87388	175.5238
1399.01112	172.81567
1400.14814	169.82477
1401.28495	166.17446
1402.42154	162.57327
1403.55792	158.75856
1404.69408	157.36092
1405.83003	156.76998
1406.96577	157.62497
1408.10128	156.46125
1409.23659	155.63524
1410.37168	158.36628
1411.50655	154.87803
1412.64121	151.71306
1413.77566	150.46733
1414.90989	149.79597
1416.0439	150.42047
1417.1777	149.45772
1418.31129	149.66385
1419.44466	149.3491
1420.57782	144.28982
1421.71076	142.59566
1422.84348	141.58265
1423.976	144.25655
1425.10829	147.40959
1426.24038	145.97104
1427.37224	145.508
1428.50389	143.68716
1429.63533	142.39017
1430.76655	143.11199
1431.89756	141.24944
1433.02836	141.72749
1434.15893	142.79289
1435.2893	139.92039
1436.41944	139.5804
1437.54938	140.52041
1438.6791	143.37677
1439.8086	145.57373
1440.93789	145.48935
1442.06696	145.44543
1443.19582	144.85754
1444.32447	142.53233
1445.4529	141.50731
1446.58111	142.59634
1447.70911	143.8528
1448.8369	140.64756
1449.96447	141.37309
1451.09182	143.01932
1452.21896	140.69589
1453.34589	139.39127
1454.4726	141.27862
1455.5991	146.60469
1456.72538	145.3262
1457.85145	141.33779
1458.9773	142.64092
1460.10293	143.30197
1461.22836	140.16075
1462.35356	139.77427
1463.47856	141.26663
1464.60333	144.49786
1465.7279	143.78252
1466.85224	144.54632
1467.97638	148.15287
1469.1003	150.97881
1470.224	151.27954
1471.34749	153.10413
1472.47076	151.84797
1473.59382	149.69719
1474.71666	146.81775
1475.83929	144.03503
1476.96171	143.77906
1478.08391	145.09024
1479.20589	146.51835
1480.32766	152.27407
1481.44922	154.38771
1482.57056	158.02664
1483.69168	160.84456
1484.81259	159.20221
1485.93329	158.94663
1487.05377	158.40683
1488.17404	159.31441
1489.29409	158.48466
1490.41392	157.11528
1491.53354	159.76327
1492.65295	160.92934
1493.77214	159.22533
1494.89112	160.15918
1496.00988	161.91703
1497.12843	165.10638
1498.24676	164.33908
1499.36488	168.86187
1500.48278	170.09755
1501.60047	167.50066
1502.71794	167.22706
1503.8352	166.64904
1504.95225	165.96428
1506.06907	167.00828
1507.18569	165.34382
1508.30209	167.60726
1509.41827	165.76974
1510.53424	163.4402
1511.65	166.59556
1512.76554	167.66728
1513.88086	167.50239
1514.99597	168.31735
1516.11087	166.86108
1517.22555	166.5174
1518.34001	166.80004
1519.45426	168.15344
1520.5683	171.38278
1521.68212	172.48231
1522.79572	173.37842
1523.90912	172.41022
1525.02229	172.80427
1526.13525	174.07715
1527.248	175.07591
1528.36053	176.94629
1529.47285	176.54255
1530.58495	178.75069
1531.69684	179.58082
1532.80851	179.75154
1533.91997	182.18061
1535.03121	185.70352
1536.14224	188.38233
1537.25306	190.81298
1538.36365	188.14124
1539.47404	189.14198
1540.58421	189.50064
1541.69416	186.48416
1542.8039	186.74912
1543.91342	189.59565
1545.02273	192.65436
1546.13183	197.97719
1547.24071	197.33181
1548.34937	197.91447
1549.45782	196.75837
1550.56606	193.49841
1551.67408	193.77386
1552.78188	194.69727
1553.88948	197.53848
1554.99685	201.70296
1556.10401	201.29174
1557.21096	200.63815
1558.31769	198.11158
1559.42421	196.435
1560.53051	194.38328
1561.6366	195.51198
1562.74247	196.6696
1563.84813	198.28325
1564.95357	200.96622
1566.0588	203.87434
1567.16381	202.36548
1568.26861	201.82637
1569.37319	202.23969
1570.47756	200.7483
1571.58171	199.59318
1572.68565	198.89986
1573.78937	201.7001
1574.89288	204.71684
1575.99618	202.63983
1577.09926	204.17327
1578.20212	205.02421
1579.30477	203.66596
1580.4072	206.55019
1581.50942	207.55424
1582.61143	211.896
1583.71322	211.98095
1584.8148	208.77446
1585.91616	208.58246
1587.0173	208.38329
1588.11823	207.63871
1589.21895	210.80472
1590.31945	209.34018
1591.41974	210.54236
1592.51981	209.81096
1593.61967	212.27154
1594.71931	215.50417
1595.81873	216.39341
1596.91795	214.88588
1598.01694	215.1807
1599.11573	213.94166
1600.21429	215.25968
1601.31265	217.87211
1602.41079	218.40522
1603.50871	219.77244
1604.60642	219.10219
1605.70391	217.49837
1606.80119	218.73587
1607.89825	222.43373
1608.9951	221.74348
1610.09174	220.73437
1611.18816	217.82199
1612.28436	217.58787
1613.38035	216.64817
1614.47613	217.52237
1615.57169	218.13111
1616.66703	222.16847
1617.76216	223.21021
1618.85708	227.8595
1619.95178	229.82486
1621.04626	230.28666
1622.14054	233.05875
1623.23459	232.27101
1624.32843	229.19904
1625.42206	229.82843
1626.51547	230.4391
1627.60867	229.85646
1628.70165	230.30994
1629.79442	230.83851
1630.88697	233.36713
1631.97931	234.55525
1633.07143	236.68858
1634.16334	237.8566
1635.25503	236.90633
1636.34651	234.13938
1637.43777	235.75632
1638.52882	234.60995
1639.61966	234.19957
1640.71028	237.44436
1641.80068	243.03407
1642.89087	243.77246
1643.98084	244.98565
1645.0706	246.56974
1646.16015	246.24479
1647.24948	243.69766
1648.33859	243.3627
1649.42749	240.66705
1650.51618	243.41877
1651.60465	243.43317
1652.6929	243.81269
1653.78095	245.13022
1654.86877	244.33235
1655.95638	243.99052
1657.04378	247.16967
1658.13096	247.39215
1659.21793	252.01007
1660.30468	256.90364
1661.39122	256.29366
1662.47754	255.39801
1663.56365	250.14455
1664.64954	246.87094
1665.73522	246.08799
1666.82068	247.6038
1667.90593	248.55976
1668.99096	253.91117
1670.07578	253.77921
1671.16038	254.54629
1672.24477	252.62511
1673.32895	252.7415
1674.4129	253.65303
1675.49665	255.81713
1676.58018	257.94377
1677.66349	258.65487
1678.74659	258.3285
1679.82948	259.04258
1680.91215	257.7394
1681.9946	260.43194
1683.07684	262.23852
1684.15887	263.48238
1685.24068	265.90667
1686.32228	262.40604
1687.40366	261.4942
1688.48482	258.27794
1689.56577	253.72984
1690.64651	256.37515
1691.72703	258.35673
1692.80734	261.46245
1693.88743	264.60141
1694.96731	262.90204
1696.04697	260.59522
1697.12642	259.04169
1698.20565	258.30206
1699.28467	260.96796
1700.36347	268.12453
1701.44206	272.06759
1702.52043	274.09006
1703.59859	274.75761
1704.67654	272.76863
1705.75427	271.67292
1706.83178	268.54408
1707.90908	265.3287
1708.98616	266.88826
1710.06303	265.36851
1711.13969	268.66698
1712.21613	273.35656
1713.29235	279.5195
1714.36836	280.01437
1715.44416	278.22935
1716.51974	276.56992
1717.5951	276.1241
1718.67026	276.56
1719.74519	277.8733
1720.81991	280.6715
1721.89442	286.35431
1722.96871	286.17569
1724.04279	287.09813
1725.11665	288.18224
1726.1903	288.18703
1727.26373	287.09374
1728.33695	286.93702
1729.40995	289.63604
1730.48274	289.16339
1731.55531	288.36323
1732.62767	288.36254
1733.69981	290.94632
1734.77174	291.28051
1735.84345	290.81388
1736.91495	292.19867
1737.98623	293.45219
1739.0573	293.46767
1740.12816	292.62173
1741.1988	292.71956
1742.26922	294.43793
1743.33943	292.99762
1744.40943	291.80699
1745.47921	289.98871
1746.54877	290.5168
1747.61812	292.97134
1748.68726	292.90068
1749.75618	293.73916
1750.82488	293.13469
1751.89338	291.11035
1752.96165	292.35014
1754.02971	292.98535
1755.09756	295.22667
1756.16519	297.72201
1757.23261	299.42375
1758.29981	300.72871
1759.3668	300.6975
1760.43357	299.47298
1761.50013	298.28458
1762.56647	298.39494
1763.6326	296.62655
1764.69851	292.03282
1765.76421	291.86337
1766.82969	293.65358
1767.89496	297.72377
1768.96001	300.4044
1770.02485	301.14858
1771.08948	300.88414
1772.15389	300.48411
1773.21808	297.58774
1774.28206	296.42157
1775.34582	299.8139
1776.40937	304.34047
1777.47271	309.43564
1778.53583	310.8916
1779.59874	309.24949
1780.66143	308.52807
1781.7239	306.70135
1782.78616	303.95116
1783.84821	307.20535
1784.91004	308.74963
1785.97166	310.31705
1787.03306	309.77197
1788.09424	310.82289
1789.15522	307.84356
1790.21597	307.7979
1791.27652	307.44493
1792.33684	308.70961
1793.39696	309.3019
1794.45685	311.94619
1795.51654	312.95994
1796.576	314.23203
1797.63526	314.19249
1798.6943	314.38387
1799.75312	313.69651
1800.81173	315.16072
1801.87012	318.72599
1802.9283	324.23647
1803.98626	322.92161
1805.04401	321.66596
1806.10155	322.80718
1807.15887	322.13748
1808.21597	319.00174
1809.27286	319.99737
1810.32954	320.46058
1811.386	319.66265
1812.44224	316.33519
1813.49827	319.07271
1814.55409	318.79297
1815.60969	319.67056
1816.66508	317.97966
1817.72025	318.78087
1818.77521	318.09007
1819.82995	319.68792
1820.88447	320.49216
1821.93879	325.38881
1822.99288	325.62461
1824.04677	325.87777
1825.10043	325.37341
1826.15389	321.18945
1827.20712	320.70827
1828.26015	321.7524
1829.31295	322.15588
1830.36555	325.20443
1831.41793	327.62533
1832.47009	324.86157
1833.52204	324.09498
1834.57377	318.25772
1835.62529	315.61821
1836.6766	316.06821
1837.72769	317.45621
1838.77856	318.09102
1839.82922	321.86151
1840.87966	322.88891
1841.9299	323.18908
1842.97991	322.13
1844.02971	320.4649
1845.0793	320.42756
1846.12867	318.78277
1847.17782	315.98073
1848.22676	318.45292
1849.27549	323.10697
1850.324	322.69037
1851.3723	324.20022
1852.42038	322.90203
1853.46825	321.86076
1854.5159	319.81231
1855.56334	319.77113
1856.61056	319.09364
1857.65757	319.16367
1858.70436	317.44875
1859.75094	316.55207
1860.7973	314.82138
1861.84345	320.37068
1862.88938	322.98064
1863.9351	326.71907
1864.98061	325.14875
1866.02589	324.49478
1867.07097	324.95631
1868.11583	324.44674
1869.16047	320.31384
1870.2049	324.02371
1871.24912	324.30217
1872.29312	322.5143
1873.3369	321.85057
1874.38047	323.79007
1875.42383	325.92587
1876.46697	328.01121
1877.50989	322.88304
1878.5526	321.02187
1879.5951	317.59797
1880.63738	314.42233
1881.67945	313.9437
1882.7213	318.1592
1883.76294	319.90434
1884.80436	322.93813
1885.84557	320.49577
1886.88656	321.99863
1887.92734	319.8493
1888.9679	321.84432
1890.00825	319.63881
1891.04838	322.61805
1892.0883	322.39966
1893.128	322.75562
1894.16749	319.2848
1895.20676	321.58458
1896.24582	318.60159
1897.28467	316.85386
1898.32329	312.60257
1899.36171	315.52592
1900.39991	316.7235
1901.43789	316.56038
1902.47566	317.23713
1903.51322	319.61524
1904.55056	317.21272
1905.58768	314.04547
1906.62459	315.93165
1907.66129	317.03578
1908.69777	316.26549
1909.73404	317.60204
1910.77009	316.44802
1911.80592	315.92896
1912.84154	315.10116
1913.87695	315.22722
1914.91214	316.56113
1915.94712	314.85757
1916.98188	313.32577
1918.01643	312.3972
1919.05076	307.47156
1920.08488	307.69605
1921.11878	308.60745
1922.15247	313.3544
1923.18594	315.61222
1924.2192	317.60313
1925.25224	317.86105
1926.28507	319.85783
1927.31769	319.04803
1928.35009	317.57449
1929.38227	317.16449
1930.41424	317.74589
1931.44599	315.40525
1932.47753	314.45572
1933.50886	311.16713
1934.53997	309.89303
1935.57086	309.56702
1936.60154	311.13716
1937.63201	313.82857
1938.66226	315.07558
1939.6923	316.14082
1940.72212	317.49904
1941.75172	313.13148
1942.78111	311.10596
1943.81029	311.21469
1944.83925	312.45766
1945.868	313.09607
1946.89653	310.74896
1947.92485	309.45095
1948.95295	309.14001
1949.98084	307.85654
1951.00851	307.09115
1952.03597	309.17574
1953.06321	308.09587
1954.09024	305.11418
1955.11705	299.0575
1956.14365	296.90708
1957.17003	298.38296
1958.1962	301.37838
1959.22216	305.22954
1960.2479	311.28855
1961.27342	311.77041
1962.29873	309.64336
1963.32382	304.92762
1964.3487	303.65494
1965.37337	305.47754
1966.39782	304.97262
1967.42205	308.38262
1968.44607	309.04664
1969.46988	309.27203
1970.49347	308.15548
1971.51685	304.38241
1972.54001	302.69598
1973.56295	301.80612
1974.58568	299.62772
1975.6082	300.30362
1976.6305	302.8194
1977.65259	304.86625
1978.67446	304.0488
1979.69612	302.25592
1980.71756	299.85992
1981.73879	296.3543
1982.7598	295.89634
1983.7806	298.10655
1984.80118	300.73527
1985.82155	302.44919
1986.8417	301.26993
1987.86164	302.21193
1988.88137	297.60276
1989.90088	294.959
1990.92017	294.01226
1991.93925	296.98188
1992.95811	297.88372
1993.97676	297.88951
1994.9952	297.36577
1996.01342	298.56934
1997.03142	294.92737
1998.04921	292.71546
1999.06679	292.34487
2000.08415	296.02917
2001.10129	299.06272
2002.11823	298.18434
2003.13494	298.47773
2004.15144	297.23292
2005.16773	295.63319
2006.1838	291.41013
2007.19966	290.00386
2008.2153	288.20081
2009.23073	287.17559
2010.24594	286.26152
2011.26094	286.39224
2012.27572	285.15216
2013.29029	287.20362
2014.30464	288.0834
2015.31878	286.5895
2016.3327	285.90805
2017.34641	283.59606
2018.3599	281.90317
2019.37318	282.18869
2020.38624	281.48435
2021.39909	281.85366
2022.41173	283.81031
2023.42415	282.04696
2024.43635	282.9864
2025.44834	277.37177
2026.46012	275.2406
2027.47168	276.35334
2028.48302	277.10394
2029.49415	278.12155
2030.50507	281.03675
2031.51577	282.43685
2032.52625	283.50078
2033.53652	277.01353
2034.54658	276.65331
2035.55642	276.4461
2036.56605	271.80604
2037.57546	268.51091
2038.58466	264.87383
2039.59364	265.98572
2040.60241	264.79751
2041.61096	263.2919
2042.6193	267.7719
2043.62742	270.31977
2044.63533	268.34821
2045.64302	267.20931
2046.6505	264.83814
2047.65776	263.16976
2048.66481	259.40186
2049.67164	259.16359
2050.67826	260.20531
2051.68467	259.32933
2052.69086	259.2283
2053.69683	259.95559
2054.70259	259.23993
2055.70813	258.02649
2056.71346	254.40472
2057.71858	253.62861
2058.72348	249.78039
2059.72816	245.19629
2060.73264	243.5675
2061.73689	243.1581
2062.74093	242.55972
2063.74476	244.76803
2064.74837	243.50163
2065.75177	244.57006
2066.75495	243.75254
2067.75791	243.6075
2068.76067	241.45097
2069.7632	242.90777
2070.76552	243.51324
2071.76763	242.94993
2072.76952	239.66372
2073.7712	235.48291
2074.77266	232.888
2075.77391	231.68563
2076.77495	228.43426
2077.77576	230.2623
2078.77637	228.74118
2079.77676	228.80308
2080.77693	228.11755
2081.77689	227.37291
2082.77663	228.96166
2083.77616	228.69908
2084.77548	225.45387
2085.77458	223.49153
2086.77346	220.32145
2087.77213	220.18317
2088.77059	219.30323
2089.76883	220.48684
2090.76685	219.78449
2091.76466	220.42562
2092.76226	219.77936
2093.75964	218.8734
2094.75681	217.70775
2095.75376	216.28242